Máquinas: 3
Tarefas: 4

Datas de Entrega:
20
35
15
30

Tempos de Processamento:
6 10 8 2 
10 3 4 2 
11 12 5 12 
Tempos Médios - Solução Inicial:
(3, 15)
(1, 20)
(4, 30)
(2, 35)


Calculo do completion time:
8 12 17 
18.4466 35.8576 55.0097 
23.2631 40.6741 83.9084 
53.5774 62.6717 120.286 
Sequência de Tarefas - Solução Final
3 1 4 2 

Matriz TP tri-dimensional
6 10.4466 14.4493 18.1886 
10 17.411 24.0822 30.3143 
11 19.1521 26.4905 33.3458 

10 17.411 24.0822 30.3143 
3 5.2233 7.22467 9.0943 
12 20.8932 28.8987 36.3772 

8 13.9288 19.2658 24.2515 
4 6.9644 9.6329 12.1257 
5 8.70551 12.0411 15.1572 

2 3.4822 4.81645 6.06287 
2 3.4822 4.81645 6.06287 
12 20.8932 28.8987 36.3772 

