Máquinas: 50
Tarefas: 250

Datas de Entrega:
11415
12373
10510
11852
11681
12177
10900
11988
11229
9719
12016
11521
12171
10593
11689
10134
9905
9716
11170
11653
11665
11393
10745
11883
9759
10211
10744
10559
12188
12095
10511
10709
11198
9991
9897
11339
12046
11639
11942
10980
12242
11922
12315
10224
10953
11834
9755
11095
11562
10481
11434
10567
10125
11162
11107
10604
10666
9745
11972
12336
11840
11208
12103
10319
12382
11350
11039
12228
10482
10587
11034
9900
11174
11187
10558
10809
10859
11096
12214
11688
11925
10702
11204
10161
11980
11050
10308
10997
10626
11133
9924
11332
11502
10526
11487
10034
10881
10871
12330
11465
12277
9721
11722
10394
11580
11394
11295
10656
12331
10360
11189
10474
12057
11118
11399
11930
10660
12291
10913
10876
11943
9955
9885
10591
10452
10662
9818
11924
12067
9707
10506
12219
10217
10484
9874
11965
10436
10695
9954
11883
11334
12262
12036
12409
11289
11066
10415
12139
10306
9888
11477
11503
11099
9809
11071
11339
11998
10519
11732
9908
10967
12000
10172
11210
12215
9885
11679
11592
10390
12148
9800
11313
12150
11621
9994
11704
11714
11409
11788
11788
12217
12089
9926
11618
11858
10428
11605
11687
11484
10802
12115
11110
9753
11166
10072
11662
10361
11739
10287
10672
11014
9774
11405
10654
11210
11127
12267
12370
10505
10133
11767
11598
10619
12085
11234
10657
11995
10439
11454
11403
11375
11070
10629
10226
11449
12255
11972
10639
10560
9778
11074
11353
10683
10635
12333
11501
10856
11379
11450
10615
10931
11212
11481
11237
10386
10788
12020
10141
10243
12199

Tempos de Processamento:
77 95 2 50 96 64 19 54 79 47 20 45 39 87 35 85 42 67 76 94 99 9 14 7 29 56 84 59 76 69 32 86 92 40 89 66 94 59 84 83 58 9 3 80 10 30 94 61 85 81 40 41 90 16 33 72 78 61 56 12 71 86 29 81 11 40 99 12 85 22 34 7 78 11 44 65 89 51 48 76 40 89 69 45 19 26 99 6 92 13 100 91 52 27 67 91 92 32 59 98 82 39 26 10 2 77 56 7 15 96 44 3 100 15 6 68 22 21 5 50 40 74 70 71 70 38 4 21 91 41 42 78 88 52 95 95 8 90 73 42 1 72 89 40 26 39 63 13 93 98 92 86 27 20 6 43 92 47 24 8 93 6 18 56 96 16 92 86 68 5 14 70 4 63 34 34 24 65 52 94 28 48 13 67 3 95 7 29 39 16 30 73 50 51 16 60 30 58 32 65 64 87 11 22 16 41 10 23 53 59 54 73 8 100 69 84 39 96 83 18 92 39 5 40 16 26 44 43 73 28 65 47 79 44 95 69 80 45 39 86 38 4 54 25 72 97 96 99 37 8 
16 1 83 64 62 79 65 7 34 95 51 29 98 20 83 4 63 9 85 9 33 46 83 18 85 41 69 96 31 27 4 49 16 69 2 7 27 41 64 98 74 64 18 14 100 65 82 48 42 98 38 92 53 37 94 28 31 2 54 21 10 87 56 41 28 71 38 31 85 5 91 76 69 80 39 98 99 16 100 61 67 66 63 51 30 44 83 23 71 29 54 81 58 34 69 35 78 64 91 72 6 88 75 16 42 90 63 34 89 62 2 17 51 89 19 59 59 83 6 20 31 62 60 31 65 36 99 27 59 80 90 16 90 81 45 76 74 87 17 25 1 66 29 73 99 66 62 74 91 31 49 33 68 22 16 2 4 97 62 70 19 76 83 91 78 21 77 70 46 2 69 97 89 78 17 23 72 65 45 22 32 82 60 95 93 48 70 93 85 64 31 28 17 36 91 42 20 84 49 10 48 2 8 79 62 92 49 77 39 33 82 72 56 44 71 13 59 25 80 41 32 52 17 84 22 5 40 19 63 82 50 56 57 3 66 59 98 75 33 87 53 61 45 37 96 47 78 38 3 60 
9 1 74 76 93 27 53 25 94 96 90 58 22 52 53 6 62 83 99 89 11 11 16 38 32 74 27 9 83 24 41 12 78 8 1 34 96 37 68 53 64 92 19 1 27 36 43 83 88 2 51 62 14 40 7 17 62 78 74 75 5 31 27 49 98 4 44 53 47 85 52 70 55 2 84 75 30 49 62 88 49 99 38 47 56 19 52 26 99 13 66 44 66 3 38 80 84 90 21 4 36 25 78 99 30 73 47 11 68 42 47 93 87 5 69 90 10 78 56 11 43 88 67 70 24 57 20 64 30 36 1 38 71 78 73 48 97 55 98 10 25 36 65 86 46 32 89 91 26 36 80 12 3 44 79 5 47 49 81 79 39 29 46 33 71 59 16 22 78 79 2 1 28 9 73 99 5 93 48 53 83 49 22 29 46 35 57 33 16 39 89 49 8 8 59 61 91 61 74 42 23 40 64 80 74 52 79 75 5 53 73 92 61 31 79 12 77 67 8 56 12 95 34 83 25 57 88 61 31 64 78 57 54 7 68 19 26 99 3 41 51 93 65 98 30 22 79 9 52 79 
20 83 48 44 42 59 96 95 84 38 72 27 42 29 97 22 43 93 96 14 10 49 82 8 13 48 9 85 87 59 17 10 4 66 5 54 23 59 52 68 41 6 14 44 35 65 6 13 22 91 95 43 60 59 85 81 35 82 31 33 47 19 41 62 79 57 46 49 3 45 22 88 96 58 36 21 85 52 10 39 82 89 61 99 91 32 39 43 7 2 16 62 85 77 28 47 52 95 53 99 66 100 83 43 73 59 79 58 100 27 47 10 36 54 8 43 80 27 60 36 92 87 25 87 65 38 94 81 47 95 50 50 23 18 7 65 49 38 32 45 58 36 4 97 37 60 10 28 19 40 7 12 73 17 88 74 8 48 12 4 58 1 91 49 33 23 61 10 62 32 100 47 9 40 31 94 57 38 61 41 28 42 88 94 9 44 44 2 68 100 91 5 29 65 84 37 43 11 12 43 75 27 38 68 81 8 29 53 84 41 74 11 85 54 47 46 40 27 99 95 87 35 86 63 61 50 65 79 47 34 8 8 76 98 61 13 98 4 26 76 61 53 100 52 39 2 5 79 14 82 
7 54 36 17 24 8 37 55 77 67 61 8 74 13 49 48 64 72 75 6 93 24 51 2 70 48 5 60 95 19 2 71 49 73 34 63 77 91 28 56 74 17 6 70 82 46 45 31 16 68 94 97 39 61 77 97 43 74 2 92 39 15 77 43 84 47 98 15 63 38 92 16 45 23 73 30 37 11 86 78 75 20 44 7 77 26 36 54 13 62 97 19 23 18 17 36 58 43 96 50 6 18 90 93 3 43 16 26 97 9 7 24 7 50 83 74 57 93 3 84 27 47 62 15 100 13 86 18 40 57 51 67 47 97 31 74 18 54 27 98 81 78 48 54 83 16 41 95 43 27 98 92 84 77 20 34 86 28 62 44 60 81 75 8 51 38 81 39 90 73 88 29 51 65 45 32 86 97 58 40 70 2 77 19 34 69 49 42 90 100 6 44 89 49 99 20 5 15 96 55 58 35 71 5 83 33 23 26 49 21 85 82 8 51 17 14 38 81 84 65 1 56 15 74 60 94 42 53 30 18 89 28 15 8 9 94 98 57 45 62 69 47 15 12 35 2 23 83 6 26 
73 79 78 30 65 36 34 15 38 36 38 24 99 45 46 5 47 76 28 84 43 4 45 35 67 68 62 52 51 17 66 45 89 10 85 10 11 42 40 65 63 26 4 16 49 22 57 5 91 53 33 76 16 19 76 45 66 45 48 54 70 45 28 36 29 34 54 100 53 20 30 47 26 49 9 61 90 86 56 45 98 56 1 16 11 17 93 25 64 74 11 54 44 86 91 13 41 71 43 6 43 14 54 24 83 39 37 72 32 70 2 54 44 56 87 23 40 80 27 66 68 70 14 81 62 48 46 35 53 64 37 35 22 14 25 68 56 24 98 30 23 42 11 42 74 16 86 79 71 47 82 84 94 3 17 4 96 12 8 28 58 97 34 72 50 44 8 13 8 28 50 18 71 51 1 26 74 58 65 64 19 48 8 73 42 10 26 58 19 52 13 63 13 72 92 74 87 25 76 98 82 50 43 77 80 14 57 13 62 63 6 75 27 58 27 69 39 20 15 10 28 28 19 7 89 15 51 56 58 83 28 48 78 61 83 83 82 62 98 11 86 58 82 40 15 61 27 37 36 79 
37 35 2 66 62 8 49 73 100 56 43 39 4 66 9 26 45 69 20 20 7 8 33 27 84 65 2 35 24 51 86 27 46 34 98 4 21 75 33 51 49 20 89 18 65 71 25 28 49 7 90 4 76 29 26 83 20 16 69 24 57 59 12 4 54 96 92 9 90 68 1 63 68 41 31 90 67 20 83 36 60 51 16 99 24 28 13 86 25 17 71 97 76 43 91 76 3 16 54 54 81 8 55 19 94 41 44 27 28 100 16 11 93 88 17 93 32 49 7 21 1 100 82 38 54 78 65 71 68 26 40 89 85 65 94 99 73 71 63 88 34 22 59 45 18 82 44 2 44 69 39 63 37 28 60 49 74 97 40 27 58 96 31 70 64 47 28 24 65 70 46 46 5 81 63 2 3 40 14 11 90 30 66 69 14 36 27 28 25 21 16 42 1 58 21 59 4 52 19 57 24 84 4 43 56 71 67 86 96 10 86 31 82 54 45 68 53 95 40 51 37 43 58 33 67 89 5 100 51 21 14 73 17 9 69 78 20 4 84 78 63 4 29 86 55 57 20 48 86 93 
27 28 83 52 43 18 69 51 21 17 82 49 74 94 22 17 66 86 62 66 62 90 60 61 72 88 47 66 6 33 64 19 50 60 10 84 86 41 57 41 98 17 97 92 73 67 96 33 10 28 22 33 98 50 17 21 100 75 66 74 16 81 13 66 39 20 80 68 37 93 48 42 60 11 91 59 33 54 27 47 59 82 70 86 94 62 56 60 23 43 5 9 23 30 65 63 49 87 77 92 97 10 74 32 49 19 40 39 17 64 39 34 36 35 17 69 74 60 77 87 65 22 78 85 60 87 37 86 20 45 92 1 100 21 53 81 68 76 62 28 10 83 67 71 70 84 23 95 43 2 94 45 59 15 2 15 68 64 26 25 44 34 32 14 100 70 49 43 87 66 92 78 12 25 14 24 62 44 79 75 30 81 47 74 33 53 63 65 74 34 99 56 93 50 51 20 60 21 32 98 58 5 34 64 47 93 78 66 51 42 51 37 91 58 38 12 17 9 97 83 89 57 31 70 32 37 26 10 13 97 78 34 54 97 92 23 63 85 68 81 62 64 82 58 53 72 45 63 32 11 
64 12 66 3 54 7 54 88 72 6 83 89 65 68 6 41 3 26 90 84 71 65 73 72 41 20 9 56 24 95 14 37 58 14 20 78 12 74 49 31 31 89 72 59 5 53 6 21 52 2 86 58 51 71 35 37 3 14 54 96 52 20 72 46 36 16 58 74 22 42 6 78 74 40 65 45 47 16 24 17 94 47 15 28 77 2 39 77 95 13 95 82 76 77 71 22 22 34 50 64 80 68 21 35 51 75 13 21 73 18 63 85 29 97 15 36 4 3 95 96 23 46 78 70 97 79 75 11 90 100 29 97 69 85 25 86 76 94 4 28 6 7 5 63 78 48 46 55 54 62 90 77 91 100 100 66 57 96 1 84 34 60 68 100 12 57 89 12 24 29 24 76 38 32 83 26 65 14 17 63 16 71 98 5 71 46 39 71 92 95 24 5 98 3 61 76 16 54 11 32 5 17 70 66 31 63 51 57 52 93 77 18 19 95 32 43 70 64 53 15 38 94 48 59 31 15 35 87 60 93 61 81 69 26 82 26 68 65 74 7 25 58 22 1 75 18 36 6 69 39 
72 79 10 100 22 55 90 79 26 94 43 39 84 9 94 84 14 33 62 50 8 36 43 45 41 29 18 62 21 89 78 80 98 81 59 51 100 33 71 3 80 30 69 84 66 13 73 14 5 58 58 70 64 91 98 92 47 74 54 55 44 70 90 30 27 82 3 1 94 94 20 81 77 34 60 57 93 42 61 54 57 82 78 67 32 66 25 86 9 36 27 94 25 28 86 65 40 31 57 4 93 95 92 10 71 27 24 21 81 86 36 20 7 6 65 62 41 74 27 76 24 36 69 86 87 48 11 44 93 14 38 91 80 58 64 51 22 74 72 8 15 41 70 90 78 83 41 30 89 9 4 19 97 87 22 84 12 46 83 83 31 59 100 49 84 33 96 82 25 34 77 50 55 1 39 15 40 87 41 76 86 79 7 77 16 24 72 18 51 14 48 92 75 73 40 42 75 41 13 58 7 64 43 61 23 75 99 55 95 6 84 28 75 24 33 94 96 55 13 45 11 94 96 45 77 47 86 95 62 61 28 17 3 88 58 34 70 85 18 86 22 31 47 18 6 87 57 73 43 82 
29 100 95 97 29 17 8 2 84 62 25 59 40 45 28 7 80 69 61 52 66 32 46 26 81 68 94 5 69 77 88 80 52 73 3 17 48 2 8 9 58 58 58 6 28 33 9 93 57 76 14 22 2 43 34 5 21 67 3 42 43 54 96 38 68 98 50 55 93 66 32 96 49 60 68 94 81 4 6 36 73 11 38 7 16 88 57 13 3 65 60 67 89 36 68 75 77 65 30 79 32 78 37 2 55 22 4 81 60 25 54 2 79 10 22 57 19 60 25 56 11 93 53 12 32 4 57 43 21 14 83 86 77 98 33 45 67 55 44 94 80 72 32 14 56 34 72 77 11 85 61 35 12 7 8 78 95 84 98 64 18 23 27 75 93 24 46 11 62 79 19 67 32 36 68 95 47 20 44 60 68 24 49 87 7 71 61 56 68 16 44 96 80 52 80 76 30 82 9 12 37 84 48 59 20 40 83 24 60 93 91 94 8 92 64 32 59 90 99 35 20 7 90 22 30 73 23 83 45 67 80 77 55 81 23 39 26 4 92 48 75 52 24 83 69 5 35 60 6 100 
80 45 3 16 22 28 5 67 56 30 12 32 1 1 73 98 96 49 49 93 81 97 88 25 81 25 40 12 74 65 81 75 82 33 78 44 50 58 75 39 24 20 56 7 85 47 57 18 27 65 63 42 83 91 6 95 15 8 11 18 35 60 1 78 8 64 60 39 21 54 60 13 93 72 56 56 47 81 79 6 83 70 41 74 51 28 93 63 44 70 96 21 24 79 60 81 82 54 11 79 89 59 56 11 74 53 9 68 58 30 47 34 46 12 9 73 79 25 89 12 80 90 32 39 64 83 83 94 14 57 27 62 84 24 71 12 12 82 96 60 54 94 24 99 50 89 87 97 59 52 89 17 42 64 83 57 65 27 79 16 22 55 71 80 29 84 83 3 64 70 43 6 85 32 59 29 86 20 36 49 55 91 91 4 74 87 3 100 17 97 78 48 74 43 29 60 33 58 84 69 66 58 11 39 7 18 3 4 54 59 24 48 65 50 19 4 23 30 96 42 82 55 69 25 1 62 15 65 71 88 31 93 53 3 90 77 17 65 68 36 89 80 96 42 66 13 44 42 59 25 
99 56 42 36 29 10 13 20 94 34 91 48 85 41 57 58 54 94 68 37 64 68 88 38 100 86 72 75 85 18 10 29 6 24 92 88 7 41 3 81 34 4 52 67 9 90 4 2 49 19 5 25 2 50 61 79 31 78 100 31 23 63 68 33 27 46 27 90 61 37 89 81 58 100 50 94 51 8 87 23 79 51 100 13 27 21 54 97 71 99 32 51 13 8 93 84 77 63 6 88 31 7 10 52 21 91 88 55 12 94 76 20 7 5 7 97 66 59 80 71 89 37 27 68 39 42 37 55 49 43 1 15 46 1 17 10 96 95 3 85 89 58 83 76 43 35 83 67 91 63 98 58 61 3 70 62 29 48 12 9 59 19 38 25 32 79 88 3 86 34 100 68 45 31 10 54 26 44 61 18 5 32 79 49 1 28 95 58 45 91 77 86 8 32 16 6 100 89 84 88 5 41 13 9 71 57 82 53 92 51 21 77 67 31 43 2 83 92 94 33 86 82 42 74 86 26 96 6 47 3 65 14 81 75 1 41 97 37 42 68 5 20 76 41 91 19 12 74 38 37 
24 30 23 15 74 94 91 91 1 67 90 89 31 12 83 34 24 69 60 46 41 5 73 64 49 22 25 97 29 61 89 74 90 97 35 55 74 41 9 37 55 90 19 33 56 61 69 83 27 35 30 78 47 57 67 85 50 66 21 69 84 92 60 45 6 95 13 87 81 1 82 4 92 76 10 65 87 55 37 7 22 47 91 20 8 96 5 58 44 15 29 91 95 33 96 53 71 14 78 89 96 93 57 36 38 72 6 76 18 44 11 43 38 55 95 11 76 80 64 15 90 29 13 51 69 79 50 75 62 62 8 52 44 71 20 74 22 19 89 95 87 20 88 41 33 72 80 7 72 2 40 85 9 76 71 86 68 25 8 98 50 1 38 50 31 23 48 67 82 18 39 42 29 97 43 79 31 80 82 44 88 10 100 92 82 34 7 11 76 53 18 51 67 52 51 19 70 18 99 96 7 67 60 93 66 40 93 30 7 81 88 48 66 15 58 84 94 33 56 23 26 70 58 100 61 90 14 70 27 78 58 13 81 9 62 32 24 92 77 31 65 17 6 38 34 37 90 81 91 54 
91 64 35 30 52 96 77 42 53 41 80 91 52 81 10 40 63 67 21 20 62 94 51 74 64 65 32 66 70 77 74 31 63 2 5 49 85 88 14 94 68 25 94 25 20 15 91 30 78 47 52 73 35 62 51 50 56 85 5 13 27 29 82 45 88 21 17 44 54 68 72 57 72 14 48 94 26 7 42 52 70 37 58 17 89 41 80 64 86 28 74 100 43 8 33 87 4 81 81 58 17 49 73 100 93 90 20 34 97 77 76 97 69 68 24 78 100 55 23 78 41 49 91 6 61 23 62 25 19 98 70 54 68 98 91 54 59 28 43 87 55 62 72 24 16 81 22 70 80 47 53 43 95 76 73 38 18 85 20 76 17 66 38 34 98 80 92 28 85 18 5 36 81 90 41 70 51 84 29 74 83 11 82 76 47 38 59 17 29 57 36 60 94 99 7 54 95 81 55 36 5 36 7 12 86 65 14 35 20 76 8 43 52 91 92 11 65 45 38 29 44 40 97 48 9 99 36 68 13 23 92 77 17 19 38 11 64 93 3 74 77 82 54 57 50 90 64 50 88 2 
90 81 99 92 90 84 59 73 11 77 65 44 81 48 90 68 71 45 37 61 14 33 31 89 30 76 64 47 42 62 12 10 27 12 13 77 48 21 78 58 54 67 81 74 32 29 35 12 44 68 18 11 88 16 17 11 27 66 12 2 91 83 97 70 20 94 61 70 72 9 74 46 15 23 39 55 29 34 89 39 66 99 59 71 96 52 71 70 82 4 80 3 92 97 79 100 7 66 14 22 59 59 6 7 33 16 76 20 32 17 50 19 31 40 87 99 55 99 87 3 41 90 11 48 90 54 32 7 18 4 45 81 85 62 57 77 72 100 13 62 87 20 51 5 82 73 17 45 84 86 77 47 31 57 45 28 4 47 43 65 8 56 15 17 23 49 60 91 10 9 49 24 54 51 40 78 25 18 67 9 10 18 76 98 86 44 27 21 82 65 36 17 4 32 40 6 17 44 41 36 46 100 8 29 85 74 45 91 81 35 48 49 48 58 46 86 61 76 53 59 68 21 91 87 99 74 51 98 8 66 33 46 45 57 52 13 8 43 62 4 56 20 13 92 95 57 97 74 22 69 
16 54 47 21 50 84 29 49 37 1 44 51 17 58 49 81 39 66 68 3 14 34 17 50 97 18 15 11 70 34 5 92 34 65 48 36 89 45 1 96 40 31 54 6 91 55 45 10 21 69 49 57 14 71 6 52 72 7 49 7 83 83 96 42 78 65 64 100 7 39 11 83 12 12 61 95 58 40 31 53 1 6 28 5 21 72 86 74 15 62 14 64 48 81 27 59 6 94 58 77 44 46 9 94 45 42 26 53 78 83 66 54 65 87 6 47 43 76 85 86 91 8 86 54 44 19 63 44 29 18 49 84 31 15 1 87 20 43 87 59 73 23 20 51 34 81 59 31 49 26 13 33 97 32 63 41 45 76 49 74 88 81 73 32 75 51 82 85 58 97 57 26 29 14 51 66 14 61 13 2 53 54 96 32 58 3 63 58 60 89 10 3 71 44 17 61 46 42 37 98 50 47 87 76 5 5 79 59 76 55 46 94 100 61 80 14 18 32 90 85 13 14 29 33 97 65 5 12 62 74 68 15 77 59 36 63 40 78 12 21 47 22 2 60 28 6 22 75 77 79 
22 39 47 69 57 93 22 53 75 28 92 98 38 24 29 79 37 17 50 3 39 99 83 90 36 65 42 48 52 55 98 95 98 24 79 43 33 29 84 71 16 2 45 41 85 100 95 40 12 100 75 49 77 7 81 85 36 16 81 79 25 5 27 8 53 30 83 35 78 96 2 7 89 63 52 65 30 25 34 24 52 82 99 48 19 88 80 67 20 17 81 88 49 33 87 30 21 65 98 17 54 70 5 16 86 25 17 45 3 34 88 28 75 19 100 92 79 14 28 91 50 60 99 17 35 51 24 73 80 97 76 4 14 98 17 90 40 8 80 100 55 64 77 70 88 45 74 81 56 28 66 5 76 66 71 2 35 97 7 98 66 44 91 84 55 34 29 83 88 69 4 79 95 22 1 13 56 2 73 48 46 85 10 92 75 76 7 34 84 61 19 79 26 63 83 25 62 89 96 58 100 20 30 74 86 91 22 63 85 52 79 28 92 23 65 3 37 81 42 66 75 41 43 67 27 34 36 93 45 2 15 60 56 75 94 70 64 98 18 96 79 23 63 48 55 100 68 7 87 53 
26 37 84 50 71 39 66 46 37 81 57 99 54 31 2 58 4 78 98 86 43 92 22 65 70 41 23 54 83 71 28 22 87 6 43 91 68 27 48 45 98 33 28 10 76 11 61 98 80 54 11 14 70 62 52 84 8 73 31 83 71 14 53 95 94 15 85 58 21 36 27 71 83 70 14 23 3 34 34 7 30 81 68 8 16 43 99 20 38 27 55 54 66 53 63 39 1 9 61 2 93 24 64 10 80 56 27 1 59 17 97 93 64 46 72 1 34 2 5 34 86 87 39 28 35 37 89 9 73 84 9 29 60 68 39 65 14 13 31 28 76 74 67 33 97 89 100 95 84 65 60 54 97 24 70 19 36 30 100 76 20 97 13 83 32 67 45 84 97 70 78 63 30 6 84 5 35 20 97 85 75 81 3 14 42 62 55 100 14 78 82 8 47 41 62 86 43 100 52 97 18 24 17 98 88 67 81 84 79 66 25 76 90 36 34 43 4 6 3 74 69 5 99 5 80 23 17 9 60 25 6 80 7 62 63 45 9 94 82 32 97 62 94 38 87 99 88 66 98 16 
99 86 11 84 34 97 82 97 71 95 37 37 98 18 61 98 9 13 24 46 29 52 5 20 19 79 1 2 76 1 65 89 59 84 15 40 1 49 69 16 28 94 16 60 85 46 95 16 56 69 89 59 32 60 41 15 4 39 86 8 27 29 41 68 92 43 22 7 9 33 12 42 76 16 70 52 100 66 49 4 4 19 41 44 87 4 26 24 50 4 13 24 59 18 65 74 68 16 76 24 43 67 80 18 5 26 40 70 48 70 85 37 10 4 74 61 35 28 18 26 30 69 65 64 52 79 100 26 97 50 3 58 5 72 13 36 4 84 24 34 94 24 34 14 20 76 78 43 90 65 12 63 59 51 44 77 25 15 97 51 31 52 55 26 32 51 79 1 39 70 6 46 34 2 99 36 62 88 61 5 90 50 35 64 33 64 100 52 31 43 37 96 17 1 30 64 12 13 41 59 21 71 81 89 84 5 1 34 19 93 47 24 87 38 53 19 74 89 37 97 97 71 30 42 5 15 28 76 100 83 40 56 97 36 10 10 60 42 94 55 95 24 88 53 86 48 32 54 83 8 
32 65 16 28 18 94 29 33 10 95 17 44 20 74 47 60 32 12 91 28 61 85 80 85 14 26 42 81 88 2 55 30 89 96 11 38 17 59 65 66 9 40 66 39 45 11 28 51 40 52 12 73 88 40 38 64 77 42 26 90 72 86 40 66 4 28 28 86 1 25 78 36 99 75 68 20 22 50 30 16 19 57 61 64 7 23 85 34 44 74 98 76 39 73 82 34 2 91 92 8 68 87 47 35 85 19 10 53 90 92 56 8 95 50 11 55 38 51 49 61 67 33 52 16 1 17 51 90 5 66 38 54 30 78 27 31 4 84 24 34 94 24 34 14 20 76 78 43 90 65 12 63 59 51 44 77 25 15 97 51 31 52 55 26 32 51 79 1 39 70 6 46 34 2 99 36 62 88 61 5 90 50 35 64 33 64 100 52 31 43 37 96 17 1 30 64 12 13 41 59 21 71 81 89 84 5 1 34 19 93 47 24 87 38 53 19 74 89 37 97 97 71 30 42 5 15 28 76 100 83 40 56 97 36 10 10 60 42 94 55 95 39 13 37 84 70 33 91 81 7 
2 99 41 27 91 53 81 55 92 70 72 43 30 64 16 57 45 73 51 83 98 63 65 9 55 90 6 34 55 50 4 52 7 25 39 73 40 31 5 76 23 62 54 24 66 7 6 68 72 63 3 21 9 23 99 33 57 81 46 89 80 25 6 49 97 96 77 10 41 18 80 79 59 93 91 2 12 37 4 37 84 10 58 23 61 43 38 67 41 63 95 50 34 54 89 62 85 24 80 76 56 45 82 96 1 72 43 57 47 58 2 32 99 98 56 42 97 80 3 35 52 92 76 4 69 91 23 100 27 99 39 19 58 72 87 2 95 73 69 2 64 92 53 86 89 35 37 20 85 82 90 52 20 98 14 10 44 64 38 42 12 46 47 18 47 70 82 50 25 60 44 75 64 82 98 11 93 3 96 51 53 4 28 3 43 16 29 23 92 26 13 7 22 47 88 93 78 39 62 57 62 12 3 72 46 90 27 5 75 36 2 64 34 35 71 65 86 86 77 55 5 54 98 95 42 39 4 84 29 24 36 89 21 55 19 84 80 86 48 93 75 20 4 84 98 42 8 89 34 26 
34 82 24 77 8 65 5 99 41 29 65 57 24 38 47 36 7 54 35 49 36 27 62 80 11 42 5 56 19 30 34 21 19 7 97 4 1 62 52 35 22 17 37 51 29 80 82 4 5 68 32 22 53 64 40 24 100 91 91 97 13 78 80 16 58 83 29 14 69 60 47 25 90 100 79 93 5 9 32 22 34 31 52 38 59 23 50 42 94 42 71 29 10 83 12 66 75 19 39 51 22 27 94 60 66 86 63 42 59 79 86 46 85 67 2 99 59 96 73 46 91 52 48 55 26 18 39 90 14 21 11 4 16 90 21 28 66 84 4 73 71 100 20 82 42 93 56 17 100 54 17 1 36 19 23 48 69 7 13 64 10 31 61 95 61 79 90 26 93 15 95 25 73 30 54 10 58 12 95 43 86 67 17 14 60 87 27 35 34 88 56 25 72 82 49 7 78 62 83 30 87 42 89 27 71 53 38 93 16 33 85 67 41 45 61 53 12 71 64 52 42 41 19 71 69 1 74 74 99 20 100 32 55 2 68 93 100 4 58 63 12 31 50 40 32 11 92 23 93 82 
32 66 49 28 58 16 54 5 69 99 50 39 14 51 86 23 98 90 100 88 73 99 40 49 68 95 12 63 79 73 48 31 33 71 14 84 79 68 42 83 16 4 78 46 60 14 38 41 81 57 53 49 91 32 72 10 43 59 96 43 67 57 85 45 1 11 71 57 15 67 14 62 57 13 42 19 81 69 68 82 17 98 41 88 87 21 10 79 94 51 34 50 81 97 73 25 8 9 12 59 48 24 11 55 75 55 91 76 83 26 10 27 15 57 38 34 70 15 8 91 48 25 78 23 48 75 80 2 5 70 28 39 66 24 94 60 4 6 39 56 74 75 71 38 13 60 76 87 27 31 49 3 65 89 99 8 75 79 49 42 97 50 41 86 66 54 58 99 95 33 74 79 18 6 5 63 89 9 28 33 87 90 1 82 99 89 93 56 45 56 35 51 73 85 11 73 66 72 24 99 24 39 7 15 97 62 75 23 4 33 97 34 20 22 11 22 81 43 49 33 57 93 3 21 44 26 8 17 96 81 75 36 66 85 32 22 39 63 52 88 21 2 7 56 85 81 65 81 13 66 
98 90 25 34 11 83 24 43 81 26 55 82 70 99 59 40 38 65 57 32 64 60 73 69 21 42 91 3 82 63 72 72 28 11 42 78 64 14 1 89 25 77 67 6 1 45 28 51 65 67 99 39 70 36 83 94 36 19 14 17 6 62 61 51 93 53 13 62 98 55 82 72 18 97 94 96 1 84 65 41 33 49 100 53 5 18 92 98 80 39 34 38 94 39 70 82 13 26 85 34 74 70 41 47 96 58 32 12 66 91 99 97 63 75 64 72 59 43 23 58 59 13 38 19 63 53 87 67 16 62 21 6 76 27 55 60 42 44 52 70 51 69 62 19 49 47 50 19 43 57 92 30 61 29 47 97 90 91 31 6 7 11 64 5 4 93 52 51 5 35 23 13 91 11 63 97 98 4 22 79 50 95 20 48 11 26 75 36 10 88 67 44 38 37 59 51 20 93 5 39 38 54 96 35 24 69 81 79 5 5 76 45 86 38 98 93 43 93 85 55 70 91 89 62 42 11 37 14 37 83 1 70 70 77 14 44 100 82 23 12 4 78 51 74 73 71 51 28 28 35 
12 42 31 34 36 35 31 17 45 99 63 81 51 95 82 72 40 86 19 10 39 91 8 86 77 28 93 15 63 43 78 19 8 39 42 7 97 60 70 64 78 31 100 72 55 2 77 8 18 38 69 95 22 65 58 24 96 51 45 84 99 43 6 35 64 7 29 32 73 98 64 77 48 62 32 91 99 66 70 68 57 28 24 30 28 74 79 38 58 28 95 69 92 28 80 53 94 28 26 84 11 99 6 82 40 87 45 21 75 59 52 87 50 61 50 47 26 6 9 33 15 41 43 27 98 48 72 39 62 1 30 14 59 26 92 100 6 93 94 29 97 56 69 95 56 72 14 41 16 53 10 73 30 51 21 27 12 18 96 84 11 58 50 86 6 4 12 96 69 73 37 81 23 65 22 5 36 80 6 98 76 81 7 66 15 62 51 96 52 17 21 18 2 79 59 71 38 95 12 78 90 39 98 53 48 63 65 78 41 31 54 82 5 30 72 51 65 61 84 75 92 68 96 96 30 73 83 54 36 21 69 29 38 35 37 56 53 59 56 5 89 36 45 76 33 83 76 66 84 23 
92 87 43 24 66 40 35 52 17 48 53 62 42 80 4 7 33 100 10 52 66 97 72 18 45 49 64 38 33 99 24 91 45 45 1 62 74 72 48 22 68 22 95 64 87 15 57 43 97 100 14 50 44 32 48 61 45 25 90 13 36 67 52 52 40 92 50 48 57 92 74 60 69 31 41 68 76 49 52 41 23 29 20 23 51 88 51 50 65 6 69 72 28 13 65 94 100 96 15 77 69 64 86 77 96 67 51 54 65 24 72 59 7 42 91 96 32 76 81 97 23 56 12 92 86 61 73 56 77 96 94 43 16 12 99 92 86 98 98 75 46 72 58 24 65 1 62 68 56 97 23 81 72 61 53 74 41 8 10 33 97 27 14 5 66 42 69 13 45 64 23 43 61 84 25 74 45 95 81 56 23 30 68 60 25 33 41 29 91 79 11 14 56 3 37 54 86 58 90 10 51 46 12 21 14 42 61 18 11 24 31 47 6 31 64 44 29 74 3 86 35 4 40 49 49 78 28 53 91 21 14 56 82 35 23 73 85 3 64 56 6 9 37 16 69 37 86 13 17 42 
91 27 80 66 88 27 68 85 88 74 36 68 80 55 95 91 24 41 65 41 99 62 43 36 17 9 30 11 43 40 39 21 68 15 55 1 47 83 70 65 81 37 36 76 96 29 42 38 85 64 80 36 4 26 12 54 8 62 14 21 72 55 70 1 12 78 95 99 57 21 14 39 57 13 74 94 98 76 2 51 53 36 83 86 93 50 15 32 94 75 40 21 59 86 96 42 39 49 74 61 81 8 73 2 8 9 40 98 90 48 77 70 74 13 82 68 99 54 85 65 41 19 93 77 86 33 70 41 82 98 40 69 71 51 38 4 88 22 92 53 6 39 79 74 63 33 80 49 73 49 6 87 91 49 28 15 91 96 22 28 99 50 3 93 36 57 58 81 92 31 25 68 21 49 56 56 27 93 56 4 37 3 14 97 84 28 18 67 69 57 37 80 18 49 99 82 37 100 21 3 16 41 67 99 74 26 23 43 33 52 43 49 18 75 26 88 74 23 75 21 96 54 65 51 75 69 2 30 12 59 76 39 45 14 74 73 38 5 10 89 6 70 4 62 83 43 77 98 65 79 
18 88 50 54 42 93 28 77 51 44 87 81 68 15 54 81 87 4 32 20 47 92 11 15 78 39 52 80 42 91 14 27 13 78 11 14 75 36 69 92 94 62 58 13 99 34 67 42 78 8 78 53 94 69 28 98 48 98 28 7 10 55 43 62 6 68 14 73 25 4 84 100 41 49 18 52 47 58 58 88 84 99 3 80 88 99 37 6 35 7 1 14 96 18 31 81 40 23 82 28 48 55 69 85 19 29 36 72 51 44 70 46 74 43 62 91 1 90 52 70 18 36 16 31 98 56 79 11 35 12 100 84 34 36 17 26 10 49 38 86 32 78 69 78 92 30 7 23 9 89 82 74 17 94 5 39 66 75 33 98 65 46 7 86 88 86 14 67 74 15 90 66 85 7 10 27 58 44 93 47 39 9 83 54 2 30 99 86 30 86 90 91 35 27 28 14 69 44 38 4 24 83 43 94 72 72 30 25 6 8 85 56 98 95 10 93 46 33 20 20 31 98 59 50 37 82 28 63 53 59 32 42 55 77 36 64 91 23 17 31 39 78 93 63 14 12 58 93 35 52 
91 1 10 99 59 20 56 49 42 91 38 91 63 18 58 61 90 67 100 3 90 39 56 45 78 31 21 65 49 85 17 2 38 94 33 86 14 34 43 31 1 2 98 38 88 77 96 61 92 92 1 54 44 61 62 20 83 60 73 36 77 80 97 4 84 4 1 16 32 13 90 97 17 9 77 81 63 54 5 44 6 18 28 8 69 68 4 9 75 52 10 72 73 60 28 97 62 88 37 44 4 79 58 17 11 49 81 25 9 29 54 5 17 86 30 22 5 49 20 3 31 31 87 59 31 64 28 16 50 9 99 48 49 99 64 60 6 36 24 4 16 97 84 29 96 15 44 13 16 67 33 82 8 37 54 77 62 31 34 73 67 39 92 32 44 86 15 41 16 13 83 89 54 94 12 71 99 26 49 12 35 63 64 21 18 4 87 49 15 59 68 39 35 73 32 4 47 90 24 75 43 61 63 9 38 86 100 84 64 52 69 85 97 16 31 51 59 95 45 98 90 65 22 54 45 3 40 38 36 2 25 93 37 72 80 86 53 91 7 85 3 23 19 28 77 46 49 92 62 95 
57 5 38 83 14 4 6 20 43 97 1 15 9 13 55 74 88 53 49 58 74 10 11 66 96 57 53 62 38 57 51 100 13 63 42 47 71 15 45 40 94 25 87 87 61 98 36 79 71 3 78 18 37 77 68 81 54 91 30 5 17 14 91 93 5 82 91 33 1 14 23 19 35 84 1 72 82 100 23 92 4 59 2 22 74 21 41 3 10 28 31 61 87 71 96 74 30 78 7 20 17 56 23 63 99 6 17 61 15 78 63 86 90 59 52 98 74 36 25 74 46 14 27 41 98 92 38 95 76 31 84 2 31 95 4 66 20 37 64 35 15 37 84 91 93 87 44 61 63 70 29 38 61 76 83 19 23 96 91 86 41 8 48 44 74 88 83 55 41 26 88 65 47 46 90 55 78 46 53 79 28 61 98 42 82 50 93 11 7 59 18 71 95 40 89 52 32 51 92 73 85 97 14 37 26 64 4 47 73 51 26 8 34 66 28 51 14 33 7 13 61 46 23 3 45 15 86 99 95 6 10 71 15 77 51 17 82 61 82 78 57 87 44 41 20 6 58 73 88 89 
40 27 59 69 8 9 33 93 46 48 61 2 32 39 21 82 8 34 87 26 28 29 82 48 42 62 61 97 67 99 68 85 51 61 64 82 50 42 48 39 36 46 94 38 11 44 91 92 37 8 52 12 41 27 37 96 47 62 16 55 78 45 11 29 98 70 76 98 87 85 52 93 85 36 78 80 91 29 22 34 17 72 90 43 21 59 11 13 71 17 57 48 90 75 89 94 25 76 27 86 5 25 90 64 41 38 56 27 77 77 30 30 21 57 18 75 70 62 12 11 13 31 83 81 46 72 57 63 8 57 66 100 5 65 66 67 60 92 78 72 44 3 52 42 68 76 94 18 83 73 14 19 16 51 100 87 7 93 8 83 89 76 52 97 45 2 68 46 33 84 76 87 63 50 42 53 57 3 36 48 73 40 18 78 68 48 57 79 43 6 62 82 99 32 3 29 40 51 27 35 96 34 77 13 97 66 5 28 3 70 51 40 73 29 90 87 19 80 41 3 36 26 74 69 67 69 91 52 43 93 72 69 57 28 42 77 13 13 52 13 6 97 75 45 59 54 68 95 69 19 
51 86 60 3 10 22 20 46 61 29 3 59 37 96 33 77 10 39 50 100 55 13 79 50 63 8 3 89 74 92 29 90 86 72 17 47 97 41 88 94 67 81 16 8 66 13 15 54 7 50 61 19 93 56 77 19 57 19 18 4 3 37 3 55 82 72 98 48 73 9 30 80 31 5 90 18 44 64 56 97 44 70 41 39 3 9 77 55 26 84 35 17 60 1 18 6 3 26 42 25 14 7 19 29 58 71 32 40 4 74 83 75 53 54 10 77 21 76 38 26 20 55 43 74 57 58 64 74 24 68 25 90 74 96 3 36 59 77 5 4 36 98 47 51 6 39 8 11 33 26 48 85 27 97 96 85 15 57 18 10 69 26 15 86 29 51 34 12 42 20 34 80 15 33 57 88 52 59 74 91 21 44 38 22 33 38 66 78 42 53 83 48 3 42 99 98 89 42 91 3 37 30 92 98 92 39 52 29 68 66 67 92 27 87 74 83 39 33 36 19 45 21 34 15 53 34 71 72 71 82 64 69 59 78 4 37 52 68 12 62 79 74 2 23 60 17 15 29 17 85 
24 33 13 29 61 35 38 8 61 81 81 69 66 30 28 55 79 51 49 7 29 80 88 93 73 99 72 26 15 87 54 22 39 23 74 30 41 62 32 100 80 96 46 19 65 99 60 49 90 70 82 12 12 14 25 1 54 85 28 72 78 61 91 79 42 44 91 87 47 46 97 63 97 35 33 11 73 46 29 1 83 8 3 39 23 33 71 43 15 43 98 57 64 57 76 6 90 63 22 80 66 96 74 30 79 84 21 16 7 22 57 23 86 70 36 62 27 29 49 5 22 54 29 9 81 39 33 4 13 78 74 64 97 57 72 26 74 22 64 60 75 33 79 73 40 14 16 21 14 73 2 98 12 97 88 35 77 77 58 2 71 36 66 5 68 15 15 56 73 78 96 53 34 46 42 71 54 52 60 76 92 50 94 72 31 23 80 40 80 69 62 53 93 54 100 55 70 60 35 24 36 19 51 13 45 21 46 1 55 88 14 16 76 55 86 86 3 83 13 52 52 97 94 26 40 12 84 66 86 76 46 86 99 43 47 99 21 38 43 8 64 39 58 27 73 57 38 95 24 89 
38 43 72 6 43 39 27 32 48 37 54 17 30 100 41 32 24 20 64 65 24 16 29 72 76 27 46 99 53 80 82 9 80 29 24 98 2 94 61 9 30 13 28 62 43 46 64 2 88 94 88 52 12 25 20 35 72 15 19 2 52 62 92 85 20 84 34 37 95 99 33 22 2 69 56 97 33 43 86 98 31 30 13 37 83 84 57 10 48 4 91 50 55 9 76 94 29 85 65 86 6 18 40 99 20 31 20 97 60 23 48 57 34 21 13 48 86 12 96 31 66 84 51 86 4 4 39 20 99 50 4 44 100 53 8 2 57 73 18 25 73 27 78 43 61 45 58 61 1 9 58 1 47 69 46 48 80 93 46 32 65 44 93 15 97 84 22 86 28 30 27 15 13 38 60 82 49 49 8 52 71 54 8 21 29 10 6 25 82 18 22 96 47 36 95 26 51 84 80 65 97 75 40 10 42 41 5 62 25 15 88 9 91 55 62 13 29 41 18 79 72 7 66 23 93 1 38 38 50 39 68 61 35 64 26 62 20 1 90 35 40 8 52 83 100 16 49 74 73 73 
27 45 12 51 79 20 47 73 27 88 10 77 47 62 44 25 87 71 99 31 47 4 42 64 5 61 86 14 55 82 76 24 91 50 23 53 18 11 49 85 51 72 62 90 70 39 19 18 46 12 6 66 64 6 70 74 51 46 92 24 69 84 46 63 13 90 4 87 41 18 30 98 38 41 85 93 60 51 33 49 48 4 21 51 91 64 86 5 11 22 62 33 63 94 7 27 59 89 6 18 65 43 84 26 82 53 50 54 55 19 52 87 22 77 78 15 81 77 87 49 33 33 86 51 43 71 38 4 49 63 99 89 83 75 15 41 67 13 24 69 59 18 91 74 5 16 94 52 49 29 56 82 76 7 16 94 98 72 3 53 8 75 26 19 13 37 38 20 72 94 32 48 86 83 99 60 56 88 80 98 100 23 53 38 80 61 6 10 48 3 61 98 34 25 67 41 1 3 5 67 61 95 82 38 84 29 95 80 43 19 83 28 94 95 90 61 30 45 100 40 18 96 75 32 76 51 30 31 42 32 5 31 38 86 88 48 97 15 99 86 92 26 65 55 20 33 50 91 3 50 
14 58 23 36 44 39 87 31 55 33 91 39 26 41 46 36 56 60 25 21 4 96 2 69 20 7 100 5 57 21 40 33 85 68 17 15 3 61 52 29 88 32 10 99 30 29 2 99 56 19 74 2 60 53 61 13 89 28 97 11 45 12 64 97 44 31 78 76 49 98 47 24 3 36 34 96 44 87 5 50 81 53 54 26 6 74 99 60 69 82 8 66 83 5 7 34 44 15 73 15 31 88 41 64 16 5 15 10 1 14 90 77 39 3 23 32 30 69 42 45 68 29 61 16 34 31 86 84 61 40 75 98 28 9 54 50 8 29 75 14 20 57 32 41 75 2 80 86 52 3 77 50 68 71 92 38 91 27 87 63 78 78 54 69 91 59 83 66 94 43 69 99 46 52 98 52 15 34 83 76 5 25 54 34 12 39 79 13 82 53 26 65 46 67 23 21 16 38 56 58 38 13 76 99 8 37 100 3 85 36 87 90 73 78 11 47 8 88 59 96 13 1 48 32 75 8 74 37 56 27 53 65 76 66 57 94 6 87 75 3 99 22 63 31 91 22 3 57 26 8 
3 13 37 56 8 94 47 5 78 37 14 88 91 14 69 35 19 13 56 90 89 87 56 65 67 32 84 64 11 81 97 3 24 74 98 51 14 99 67 16 76 40 22 45 35 42 68 29 83 84 56 40 58 11 75 43 100 44 99 2 96 57 34 84 22 99 100 38 66 8 72 24 86 50 12 14 96 68 100 60 10 29 87 40 97 17 22 95 49 24 61 46 6 44 59 97 58 79 31 40 56 1 96 63 44 21 17 10 45 76 59 12 84 28 23 11 27 43 91 100 30 61 79 68 51 11 92 90 17 42 80 60 77 55 84 11 98 82 99 65 13 52 4 64 27 76 70 100 63 17 76 49 19 13 47 19 20 35 36 85 23 46 16 31 68 43 83 58 8 18 65 74 48 78 45 51 88 84 55 96 56 44 6 4 74 100 89 57 79 59 20 45 2 37 34 33 75 55 14 30 8 30 3 84 81 51 3 13 17 66 47 94 84 15 25 97 61 14 49 98 2 77 91 20 78 79 41 50 9 82 98 70 51 20 83 82 88 47 68 18 36 9 87 42 16 21 99 15 48 7 
92 80 92 11 83 76 58 95 63 36 45 41 25 56 77 27 94 84 30 74 91 92 96 72 7 78 58 38 18 89 23 37 21 38 51 35 99 51 41 96 84 78 83 35 18 69 32 4 50 3 54 56 1 15 60 65 59 82 70 10 80 4 68 39 82 75 19 10 12 5 58 20 85 44 40 24 30 3 17 34 87 15 19 98 6 75 9 8 87 23 75 81 95 70 85 87 14 57 31 30 90 40 54 88 48 13 78 84 57 71 25 29 13 2 70 17 100 86 71 94 19 31 25 60 43 35 45 7 69 30 3 14 58 56 25 32 7 45 8 89 99 29 32 29 14 71 95 35 33 10 76 17 71 24 90 73 48 87 17 36 11 37 11 48 14 15 35 82 16 32 14 27 25 72 34 58 45 40 63 87 53 35 99 2 57 3 92 15 11 60 25 71 66 69 57 79 91 70 28 37 5 7 68 67 1 52 1 72 99 52 83 83 28 14 93 85 22 63 8 46 41 5 9 63 88 20 34 25 34 81 5 39 5 31 96 85 40 95 34 96 99 8 89 93 60 97 56 90 88 12 
68 36 92 3 38 10 66 51 44 39 33 8 76 62 30 1 99 88 75 90 32 38 54 69 98 97 39 6 57 5 33 31 71 26 48 39 7 96 39 83 78 90 16 40 38 100 70 29 51 50 66 52 75 97 63 52 49 35 36 43 96 1 38 48 43 2 10 25 79 7 100 2 88 67 11 36 94 58 70 61 10 34 67 59 7 37 52 49 53 51 5 85 7 98 7 94 1 50 51 17 92 10 61 3 49 17 61 17 48 33 15 63 41 36 24 55 91 17 1 51 73 23 9 81 66 57 87 33 72 76 65 4 21 65 61 45 7 4 17 52 62 75 6 57 77 27 83 31 41 21 94 74 4 26 41 31 69 10 32 19 59 6 75 95 88 41 17 49 18 74 23 83 80 17 55 91 12 11 83 22 10 79 23 81 32 36 71 47 61 5 91 88 63 61 68 29 98 37 59 15 42 21 47 2 28 69 71 49 33 90 23 13 85 56 7 72 100 44 7 2 46 76 13 48 50 93 72 45 18 43 54 91 59 21 95 88 76 7 2 62 36 53 62 6 55 56 82 5 24 12 
37 45 21 59 86 47 95 41 1 2 30 88 83 70 22 20 61 6 90 78 44 96 56 18 52 30 49 58 36 18 90 1 42 99 56 74 17 50 13 64 61 15 27 26 71 71 58 40 13 37 17 1 26 99 23 27 23 76 64 30 50 16 25 54 83 43 18 56 15 73 7 93 57 1 72 72 54 84 33 65 66 60 35 1 48 98 38 29 93 72 47 85 86 91 87 21 26 100 56 67 54 43 29 70 81 36 74 48 57 85 66 31 37 5 63 95 31 58 92 46 16 25 10 54 87 54 49 59 44 17 43 47 31 85 90 43 4 95 13 46 48 14 66 56 40 66 4 6 64 68 54 94 81 76 22 93 63 50 85 27 42 86 72 90 56 85 29 96 73 30 54 19 52 38 24 78 23 84 88 28 94 58 27 18 4 16 25 84 51 100 90 51 8 85 38 39 12 26 5 49 31 90 64 28 72 48 14 13 4 14 36 43 79 45 95 34 13 41 12 32 85 62 94 40 36 16 12 36 64 54 87 9 58 34 57 58 45 97 66 66 98 47 97 77 19 48 81 56 89 39 
27 39 31 31 19 14 35 26 47 88 80 68 39 76 13 17 89 32 87 16 61 8 28 52 95 79 79 90 14 76 50 42 87 23 78 35 20 18 5 20 86 87 80 15 9 84 57 79 56 77 83 98 2 37 85 38 80 63 95 55 6 51 1 45 4 52 56 73 69 91 71 31 97 83 5 65 58 63 66 30 94 51 71 82 77 91 20 86 55 59 64 67 26 32 51 18 51 35 29 32 13 12 48 79 8 100 73 69 51 60 54 48 7 92 33 80 10 79 65 8 14 75 68 77 88 12 42 67 44 29 44 87 56 86 40 83 78 37 91 85 96 11 49 82 13 10 87 54 17 39 26 11 78 79 34 61 35 88 92 78 96 71 68 11 38 14 12 77 72 64 41 55 32 55 31 13 55 22 45 37 17 24 59 39 70 58 88 1 7 77 98 8 42 21 17 75 61 39 22 96 43 79 6 77 37 7 11 7 22 89 24 59 89 97 3 36 58 65 39 24 87 47 84 55 100 37 62 54 76 21 29 70 18 100 45 47 38 21 4 84 45 83 9 11 76 29 75 39 19 57 
4 66 2 99 33 29 6 25 48 28 49 100 15 6 78 75 26 74 57 82 44 60 95 98 94 12 60 21 99 21 6 74 72 89 10 56 61 37 98 76 70 77 96 17 30 78 99 24 16 12 76 87 96 36 90 48 12 58 34 10 37 86 75 13 17 68 51 78 13 73 46 5 35 69 47 8 94 12 72 3 34 44 10 9 35 51 43 49 70 1 29 29 3 53 59 36 65 87 88 48 82 25 94 13 70 34 23 3 16 79 66 6 21 2 76 97 62 22 37 62 90 21 97 9 44 39 59 65 35 13 72 94 96 42 17 80 72 25 99 95 91 16 90 31 76 64 35 73 69 39 80 27 91 98 29 2 62 50 38 32 40 94 63 56 76 67 92 29 30 13 21 13 55 76 60 99 36 54 80 28 38 4 50 4 98 61 89 58 49 27 59 17 87 85 19 89 29 59 44 11 16 13 66 11 22 5 28 20 61 85 28 8 83 9 68 9 26 21 26 65 37 76 63 91 89 19 23 48 6 49 89 27 91 39 11 96 34 31 82 77 35 33 98 61 3 73 70 77 99 71 
71 27 54 50 64 34 58 65 95 54 70 16 96 81 86 62 39 75 21 41 39 44 90 68 31 23 25 75 2 48 41 14 78 61 74 50 98 59 35 21 98 52 98 17 93 24 13 66 31 14 25 95 28 76 89 57 6 72 80 35 96 78 3 22 76 9 99 57 79 73 92 13 80 46 13 32 24 63 39 50 54 80 9 61 16 18 11 70 70 33 1 71 81 100 52 79 33 30 25 30 79 47 69 75 82 19 100 15 4 45 57 62 14 94 75 50 3 25 49 22 99 3 13 24 41 5 62 54 31 27 40 80 79 64 4 44 14 1 24 48 83 71 38 58 94 28 22 59 10 2 76 17 62 33 96 93 51 35 76 27 96 70 61 3 48 55 21 21 48 9 62 59 72 28 20 96 98 27 67 68 18 36 18 25 40 31 97 40 41 92 40 89 18 49 4 93 45 66 44 54 57 98 78 96 46 82 96 100 70 78 2 78 19 40 81 96 31 54 41 55 85 13 15 70 2 26 26 90 83 1 24 80 99 13 84 16 39 52 70 78 43 18 86 58 85 3 77 13 61 17 
83 3 18 9 91 40 4 50 19 60 41 37 22 77 43 38 57 75 4 88 59 51 85 46 48 13 2 91 56 81 4 100 4 32 46 87 11 79 29 45 87 69 61 22 20 68 98 45 6 1 33 23 4 37 75 82 100 63 32 50 75 33 57 6 80 64 10 37 18 69 41 33 17 17 95 21 31 80 82 1 31 30 15 29 78 77 21 53 97 66 45 96 18 1 96 12 51 71 45 25 89 96 53 22 71 11 47 49 9 19 28 87 87 86 7 40 81 93 4 31 6 17 32 33 28 25 66 8 5 41 100 68 91 59 34 65 47 85 92 7 42 93 92 82 37 54 55 10 83 83 64 41 53 77 39 94 61 23 47 74 41 41 65 83 58 42 94 13 12 20 50 17 82 94 12 100 92 85 35 11 99 6 82 14 69 40 12 90 66 79 36 97 77 95 24 66 75 23 28 97 31 84 88 73 99 44 7 99 63 70 75 47 75 27 94 91 95 32 6 60 20 6 32 33 97 17 18 42 23 40 93 52 14 61 54 32 43 62 18 28 33 5 86 70 6 76 25 27 61 24 
64 11 2 1 73 46 90 78 61 57 61 25 30 90 8 75 69 57 84 61 30 30 39 65 22 6 19 84 8 42 70 75 40 88 26 18 12 73 40 42 15 62 26 35 39 66 27 20 72 45 94 97 50 94 60 13 54 3 7 25 18 63 84 10 49 2 59 66 80 83 52 62 9 69 37 34 93 41 77 39 76 13 14 77 59 56 45 90 55 11 74 67 14 30 34 11 86 32 57 44 13 95 2 28 48 49 58 83 26 46 94 80 1 45 67 49 66 19 77 63 30 43 47 89 81 74 49 52 82 26 11 7 63 2 80 19 11 83 52 17 4 6 4 1 96 67 43 81 32 82 31 91 29 21 98 32 17 32 38 37 68 52 97 12 7 67 92 12 6 72 62 8 24 60 8 31 72 88 96 85 75 58 39 36 64 53 33 77 41 75 16 89 95 100 29 88 99 89 68 85 36 58 92 51 97 83 24 5 6 45 70 71 11 52 13 84 94 53 98 8 71 68 23 6 86 44 76 21 45 20 7 75 40 13 38 21 83 32 34 23 86 86 30 36 88 3 51 61 8 91 
43 74 32 20 38 29 48 79 48 27 72 30 74 100 61 8 15 83 92 33 16 84 95 49 12 6 75 72 35 37 42 45 82 34 20 40 93 19 25 52 51 51 65 99 55 48 53 55 63 32 59 40 30 83 11 96 81 48 4 33 80 18 29 1 5 37 39 34 65 38 27 20 18 85 28 67 94 27 8 82 59 89 36 94 81 1 99 5 82 31 70 60 57 40 74 63 15 17 46 88 63 57 21 89 78 83 27 25 41 65 49 99 7 65 32 7 46 13 48 9 36 34 63 23 84 45 35 65 54 11 7 53 63 84 12 49 32 63 16 57 76 29 35 58 11 1 92 3 22 75 46 19 28 40 35 86 40 85 30 50 27 63 38 42 86 47 23 18 17 58 13 63 32 79 99 7 53 72 86 45 66 15 55 90 10 86 3 38 26 76 32 41 27 16 71 83 6 38 33 35 87 18 96 61 69 68 88 20 61 9 10 27 24 18 66 32 71 91 8 85 34 98 42 60 91 96 57 78 15 93 80 95 9 18 65 56 32 59 18 72 70 97 18 1 90 35 51 50 38 13 
93 87 63 48 12 53 22 46 86 88 90 2 15 80 78 75 59 78 43 47 75 28 83 17 58 50 16 36 71 88 67 94 28 40 82 91 75 46 38 71 48 30 100 23 96 37 75 35 11 22 95 23 95 68 9 27 24 68 8 39 28 72 37 87 26 70 47 74 44 62 25 54 20 68 33 2 76 99 92 18 95 2 64 48 41 65 19 1 54 15 70 66 77 46 79 35 29 31 92 45 94 56 95 22 13 2 80 36 50 54 79 61 71 26 12 44 58 50 17 59 83 46 21 53 35 14 9 16 21 49 54 70 96 78 50 71 13 10 51 68 74 9 80 49 46 21 78 28 84 55 39 45 81 33 40 96 57 92 53 67 76 81 11 77 48 35 57 84 75 5 57 62 93 53 82 58 14 80 82 75 43 85 51 7 76 42 21 19 63 47 65 88 13 41 42 51 51 53 48 51 42 53 42 100 91 76 21 74 1 48 57 67 44 76 88 25 64 71 51 21 46 89 20 90 75 49 86 34 67 49 30 88 63 10 66 11 66 17 33 57 32 67 96 50 96 74 8 98 91 50 
66 90 80 88 28 29 90 12 64 20 18 71 24 2 17 39 52 79 32 56 95 88 88 61 61 73 2 77 89 44 43 32 13 3 9 53 41 76 24 41 88 15 63 69 40 62 52 73 8 32 48 20 51 82 92 7 82 34 40 50 37 17 66 1 28 6 49 70 2 87 71 44 34 76 53 86 35 7 6 27 19 21 29 14 20 97 71 76 77 10 64 99 58 43 54 33 52 99 3 11 69 77 46 19 97 26 57 49 22 18 25 39 38 87 83 25 42 78 37 25 43 5 79 11 45 88 98 12 49 84 73 96 44 94 46 61 17 22 1 76 21 33 1 95 69 59 23 62 47 15 53 20 73 95 17 80 24 73 27 81 55 83 50 9 59 80 1 26 50 33 77 78 78 9 51 41 69 57 98 12 61 87 66 56 16 34 32 57 90 91 81 30 73 89 98 59 55 63 64 96 1 86 57 56 85 48 27 42 53 45 68 93 37 86 35 97 17 44 11 18 49 88 74 33 65 7 73 60 75 28 77 98 66 4 86 55 41 27 8 59 75 58 17 87 76 13 66 54 100 83 
31 18 85 7 66 22 19 18 97 36 88 26 64 67 70 43 96 40 33 38 47 45 88 84 38 21 4 2 35 64 82 48 42 70 21 97 51 92 83 12 39 63 59 49 34 13 37 1 40 40 92 95 42 53 23 70 85 27 76 38 92 79 77 47 31 64 34 69 37 59 93 77 1 11 96 28 43 89 78 30 40 32 71 26 71 98 19 56 5 83 70 23 4 61 45 44 37 74 1 1 18 20 87 91 88 76 69 15 18 57 74 74 49 23 37 1 3 28 52 73 86 70 70 46 78 88 12 83 95 23 86 75 36 14 54 62 45 26 39 88 97 92 63 37 49 60 46 43 69 10 61 92 59 9 21 1 37 15 64 70 97 35 56 22 16 40 9 88 66 35 57 17 98 91 51 65 9 96 91 49 66 68 96 50 48 14 65 56 25 29 8 91 19 7 80 61 20 62 85 74 51 26 91 97 30 23 42 49 59 37 70 1 88 5 30 56 51 3 55 30 66 70 20 38 8 51 92 93 7 25 62 80 87 85 47 39 5 92 84 55 35 0 0 0 0 0 0 0 0 0 

Tempos Médios - Solução Inicial:
(1, 236.531)
(2, 238.677)
(3, 236.392)
(4, 264.318)
(5, 238.778)
(6, 274.257)
(7, 234.409)
(8, 240.626)
(9, 202.543)
(10, 178.134)
(11, 222.189)
(12, 223.189)
(13, 247.278)
(14, 204.261)
(15, 239.137)
(16, 212.631)
(17, 194.444)
(18, 168.388)
(19, 191.529)
(20, 235.795)
(21, 229.085)
(22, 213.993)
(23, 191.875)
(24, 231.007)
(25, 181.867)
(26, 215.059)
(27, 257.157)
(28, 207.12)
(29, 235.199)
(30, 216.601)
(31, 220.172)
(32, 227.078)
(33, 217.437)
(34, 208.233)
(35, 242.693)
(36, 223.561)
(37, 246.945)
(38, 224.431)
(39, 258.261)
(40, 199.419)
(41, 214.697)
(42, 265.879)
(43, 226.212)
(44, 239.887)
(45, 208.311)
(46, 246.644)
(47, 185.104)
(48, 272.07)
(49, 237.023)
(50, 217.991)
(51, 212.291)
(52, 219.597)
(53, 210.324)
(54, 224.497)
(55, 212.209)
(56, 207.109)
(57, 206.946)
(58, 185.055)
(59, 252.042)
(60, 311.83)
(61, 229.014)
(62, 222.117)
(63, 232.929)
(64, 222.488)
(65, 265.936)
(66, 216.438)
(67, 215.269)
(68, 230.978)
(69, 208.307)
(70, 211.655)
(71, 216.268)
(72, 190.972)
(73, 202.428)
(74, 234.136)
(75, 208.245)
(76, 188.573)
(77, 184.991)
(78, 229.541)
(79, 251.835)
(80, 265.275)
(81, 233.457)
(82, 219.754)
(83, 243.671)
(84, 226.808)
(85, 246.908)
(86, 222.155)
(87, 201.486)
(88, 234.278)
(89, 194.758)
(90, 294.68)
(91, 185.149)
(92, 195.784)
(93, 209.432)
(94, 215.608)
(95, 187.024)
(96, 178.477)
(97, 241.908)
(98, 198.593)
(99, 251.325)
(100, 238.061)
(101, 232.079)
(102, 195.436)
(103, 214.061)
(104, 224.009)
(105, 214.683)
(106, 243.254)
(107, 256.821)
(108, 249.321)
(109, 260.918)
(110, 196.958)
(111, 211.512)
(112, 219.95)
(113, 254.582)
(114, 235.053)
(115, 259.068)
(116, 210.257)
(117, 213.2)
(118, 236.547)
(119, 241.438)
(120, 220.877)
(121, 252.922)
(122, 207.742)
(123, 186.018)
(124, 219.73)
(125, 177.453)
(126, 220.017)
(127, 175.572)
(128, 250.926)
(129, 254.149)
(130, 196.18)
(131, 214.759)
(132, 225.526)
(133, 176.581)
(134, 179.214)
(135, 216.156)
(136, 220.838)
(137, 243.377)
(138, 198.056)
(139, 197.5)
(140, 223.365)
(141, 211.219)
(142, 245.338)
(143, 229.958)
(144, 226.359)
(145, 208.284)
(146, 217.321)
(147, 185.452)
(148, 247.735)
(149, 191.348)
(150, 207.47)
(151, 214.283)
(152, 232.009)
(153, 205.006)
(154, 193.167)
(155, 219.141)
(156, 226.508)
(157, 238.624)
(158, 188.378)
(159, 257.168)
(160, 189.663)
(161, 217.513)
(162, 235.202)
(163, 202.791)
(164, 224.739)
(165, 228.917)
(166, 194.663)
(167, 217.405)
(168, 243.939)
(169, 195.964)
(170, 276.216)
(171, 197.581)
(172, 219.585)
(173, 245.455)
(174, 246.835)
(175, 208.208)
(176, 225.164)
(177, 224.148)
(178, 217.48)
(179, 196.926)
(180, 233.518)
(181, 224.825)
(182, 254.398)
(183, 200.282)
(184, 236.909)
(185, 263.628)
(186, 231.836)
(187, 218.55)
(188, 246.561)
(189, 227.136)
(190, 188.714)
(191, 261.776)
(192, 199.533)
(193, 208.754)
(194, 227.136)
(195, 195.345)
(196, 221.88)
(197, 208.387)
(198, 216.347)
(199, 219.808)
(2