Máquinas: 2
Tarefas: 20

Datas de Entrega:
240
106
250
229
152
287
223
211
272
109
131
169
135
133
161
204
96
222
277
202

Tempos de Processamento:
4 40 83 85 70 70 48 62 49 64 5 26 99 33 89 73 89 47 99 39 
49 26 92 41 89 79 5 4 61 71 22 94 22 27 24 27 32 95 91 9 

Tempos Médios - Solução Inicial:
(1, 9.0566)
(2, 3.21212)
(3, 2.85714)
(4, 3.63492)
(5, 1.91195)
(6, 3.85235)
(7, 8.41509)
(8, 6.39394)
(9, 4.94545)
(10, 1.61481)
(11, 9.7037)
(12, 2.81667)
(13, 2.23141)
(14, 4.43333)
(15, 2.84956)
(16, 4.08)
(17, 1.58678)
(18, 3.12676)
(19, 2.91579)
(20, 8.41667)

4-0-0
Sequência de Tarefas - Solução Final
13 19 17 15 3 6 5 4 18 10 9 16 12 8 2 1 20 14 11 7 
Atraso Máximo: 5821
Tempo: 0.425979 segundos
