Máquinas: 5
Tarefas: 20

Datas de Entrega:
1075
1201
1089
1226
1140
1089
1089
1095
1245
1228
1183
1051
1222
1051
1193
1127
1025
1235
1146
1066

Tempos de Processamento:
1 47 98 90 4 70 17 54 82 36 92 97 5 97 51 5 18 68 3 92 
94 22 4 89 67 87 19 31 28 85 50 73 28 31 70 98 90 58 78 65 
57 62 51 99 71 53 99 40 32 100 20 71 82 81 6 14 45 17 60 13 
11 24 12 77 59 38 36 86 36 36 91 78 47 6 94 2 12 70 76 78 
93 84 27 62 34 92 64 62 68 73 86 58 55 88 55 40 6 27 86 65 

Tempos Médios - Solução Inicial:
(1, 20.9961)
(2, 25.1255)
(3, 28.3594)
(4, 14.7002)
(5, 24.2553)
(6, 16.0147)
(7, 23.1702)
(8, 20.0549)
(9, 25.3049)
(10, 18.6061)
(11, 17.4484)
(12, 13.939)
(13, 28.1567)
(14, 17.3432)
(15, 21.6123)
(16, 35.4403)
(17, 29.9708)
(18, 25.7292)
(19, 18.9109)
(20, 17.0288)

1-0-0
Sequência de Tarefas - Solução Final
12 4 6 8 19 20 7 1 9 2 10 11 5 13 14 16 15 18 3 17 
Atraso Máximo: 6773
Tempo: 0.205271 segundos
