30 250 0.2 0.2
12093
12894
11487
12208
12905
12401
10337
12285
10427
10224
10190
12638
12083
10248
12072
11710
11301
11860
11244
10508
11691
11169
11187
10370
12956
10710
12983
12887
10755
11169
10565
10987
11376
10982
11652
11667
11634
10417
10493
11852
12240
11734
11704
11288
11736
12143
10955
12242
12201
10173
11834
12282
10696
10694
11046
10489
11326
10823
10556
12649
12831
11065
11598
10410
10290
11433
11836
12552
10582
10834
12590
11064
10835
10459
11608
11432
11380
11192
10349
11228
12442
11769
10530
10519
12063
11287
11649
11979
11986
10225
11105
12356
12713
11413
10933
10605
12353
10139
12786
11920
10642
10662
11099
11327
12647
11443
11704
12624
11489
12362
11806
12276
12719
11935
12214
10748
11287
12967
12981
11189
11891
12870
10506
11914
12697
11387
11701
11188
12057
12496
12876
12204
10956
10169
11298
10274
11099
12852
12832
10390
10299
12973
11908
10325
11805
11952
12324
12103
11825
11837
10275
12703
11765
10563
10154
10925
11046
12721
12222
10204
12073
11896
12214
10412
10360
12258
12037
11782
12007
11665
10496
12101
11255
10751
12747
12158
11495
12653
11271
12834
11377
12400
12048
11532
12273
12170
11514
11401
11279
10106
11061
11337
11923
11400
11992
12905
10893
11276
11932
10103
11674
11165
12538
11899
12017
12456
12987
11039
11583
10755
10638
11334
11823
11270
11143
10890
11968
12676
10947
11744
11903
12134
10104
12213
10676
10720
10849
10123
10507
11695
11118
11201
11149
12134
10622
10546
10969
11802
12357
11013
11908
11892
12015
12633
10617
11560
11146
11523
10289
11216

98	33	61	60	54	1	62	88	26	21	20	39	31	39	21	2	48	38	71	35	6	42	9	74	93	49	79	83	72	57	47	7	13	94	29	28	3	71	45	41	29	36	34	89	84	80	96	69	15	39	4	46	78	20	5	7	61	44	98	80	92	18	83	35	87	6	26	79	25	47	3	8	21	44	42	70	4	5	62	11	77	6	83	21	36	44	82	11	31	6	69	49	25	78	3	100	89	11	70	65	49	27	72	53	72	88	90	42	41	54	13	18	24	92	35	21	53	35	38	74	42	43	3	49	51	23	38	39	6	58	37	4	47	58	27	89	36	50	28	4	98	29	22	67	66	84	78	73	60	40	45	21	1	69	72	72	56	23	69	55	26	95	34	55	99	90	71	10	93	39	40	76	18	83	94	87	32	98	27	50	66	100	49	56	35	22	30	96	70	9	28	60	97	9	70	24	29	28	71	59	43	5	86	9	17	53	86	28	10	19	8	63	48	74	36	87	8	85	7	42	94	64	63	13	45	72	2	49	8	33	80	61	73	45	1	41	81	27	3	2	5	4	16	40	44	41	78	44	79	91
100	3	77	88	42	88	32	91	65	57	36	60	37	57	76	57	16	21	4	51	80	90	8	30	36	95	80	31	25	51	42	61	37	91	66	89	15	28	84	77	14	79	12	31	41	66	59	12	76	25	21	32	50	12	35	16	51	50	88	67	79	69	54	54	54	17	68	98	80	25	61	49	4	44	82	23	66	45	64	44	36	65	46	64	3	88	53	51	69	72	4	8	75	36	75	5	45	51	81	3	35	52	39	61	21	44	13	29	10	56	45	76	3	59	66	51	61	100	55	24	12	83	56	26	14	35	18	13	11	19	69	41	98	93	73	62	83	49	26	60	20	78	80	64	51	67	41	31	23	40	72	38	65	14	37	37	7	53	54	11	51	39	79	17	53	26	69	61	14	3	73	91	10	82	17	89	83	21	2	53	100	99	22	78	9	2	2	61	32	76	6	16	69	59	91	57	5	14	65	96	51	39	21	81	26	20	32	89	19	71	22	94	90	62	93	67	99	49	85	84	17	79	52	75	44	20	46	50	40	92	26	78	84	64	51	56	70	38	71	76	93	30	55	41	67	31	51	2	32	32
69	71	88	46	27	43	75	26	99	24	29	93	63	61	77	37	10	95	43	20	24	47	28	92	14	88	56	26	23	76	13	18	18	92	14	70	77	78	41	47	64	50	79	85	61	9	72	98	51	11	49	87	69	8	69	85	95	81	44	92	10	68	79	89	1	86	71	19	100	75	62	99	42	87	31	37	88	93	55	84	29	38	63	55	36	41	80	60	45	88	36	12	30	90	83	93	82	81	67	56	98	65	99	22	67	29	6	33	85	37	58	31	19	19	49	77	22	35	9	77	19	25	18	48	4	26	43	31	41	78	50	53	18	2	67	76	60	35	5	10	33	4	41	73	7	62	16	63	21	22	97	25	8	97	35	64	68	11	65	92	86	23	27	81	70	70	42	33	5	72	61	80	24	85	7	31	67	85	17	42	8	26	30	20	72	17	69	2	65	97	80	93	98	82	33	79	60	2	43	91	48	91	15	75	95	38	77	10	71	74	32	76	6	20	94	33	14	53	89	51	33	2	52	25	24	82	85	42	31	52	64	8	53	52	20	22	43	61	62	53	26	52	3	63	67	46	35	58	13	83
21	41	70	83	39	31	60	36	57	64	6	56	93	13	94	33	56	80	47	70	97	11	7	42	69	88	77	4	41	51	34	95	81	87	58	100	42	83	59	3	55	94	12	78	14	58	86	75	12	8	30	85	62	76	74	47	98	72	81	90	26	6	13	58	10	44	59	22	28	20	38	45	47	79	3	90	54	17	78	64	58	93	62	83	67	6	84	84	49	74	73	15	52	40	77	10	17	70	17	82	37	79	94	46	91	47	76	20	54	83	52	19	44	46	71	26	50	53	69	10	32	91	70	25	32	85	78	54	42	61	87	75	51	21	30	88	72	42	25	87	26	88	33	95	41	90	3	70	82	56	92	61	1	19	22	35	29	59	7	89	6	12	14	75	37	1	34	85	62	91	53	37	17	100	43	37	97	47	16	3	44	39	84	74	56	48	54	21	99	54	18	80	69	10	72	19	45	66	80	2	3	90	39	77	26	79	74	82	95	70	14	51	64	71	35	34	48	17	69	98	85	23	48	92	38	56	43	65	54	21	14	14	30	90	12	9	84	54	80	75	12	67	43	2	84	61	45	97	14	88
81	74	85	98	10	21	21	70	92	58	7	85	48	77	89	39	73	73	18	5	42	53	37	24	15	21	79	64	18	56	48	89	44	95	40	4	7	38	17	3	89	55	60	37	11	39	84	36	22	72	44	50	81	9	10	57	84	1	88	41	28	52	37	94	71	60	56	64	90	48	14	59	100	65	88	89	47	77	45	48	86	5	45	3	2	24	18	41	56	4	57	50	88	48	3	79	2	20	15	50	41	28	64	36	89	19	50	55	5	31	98	45	76	7	14	45	27	85	19	2	14	84	81	56	47	92	90	25	1	29	22	54	86	84	31	11	15	56	30	22	31	12	7	97	2	68	83	87	14	10	47	38	57	24	48	16	94	53	66	2	7	67	85	7	11	46	89	84	35	38	76	39	88	62	39	6	100	70	85	21	49	38	80	41	34	59	93	7	55	16	40	85	54	97	100	88	79	60	11	84	67	43	82	34	39	33	100	92	38	45	95	61	1	56	78	40	45	29	27	74	75	91	19	19	30	69	87	28	23	97	51	74	40	93	48	41	44	31	83	48	91	65	11	49	61	96	9	65	73	20
42	51	79	31	69	21	48	34	13	30	30	28	67	86	25	39	47	70	79	52	73	66	31	22	19	52	7	76	77	62	78	91	73	15	64	72	73	98	29	16	61	67	94	54	31	4	13	74	61	72	100	37	56	46	52	1	90	1	66	25	61	36	28	64	65	98	25	16	52	18	85	13	9	87	28	17	42	72	1	38	42	70	31	54	58	33	2	88	59	69	69	59	36	73	30	64	80	95	86	99	51	21	54	50	21	5	18	74	28	69	55	46	48	79	12	55	89	9	95	48	97	14	7	9	56	93	71	54	48	25	49	36	38	76	89	92	2	32	100	32	17	21	6	68	77	64	39	64	6	77	32	49	17	7	95	61	21	81	80	32	1	70	21	96	50	92	67	99	40	73	90	13	64	42	74	86	79	8	48	94	62	30	88	8	4	43	7	49	33	59	31	64	72	56	59	60	13	25	59	77	57	79	49	60	91	95	91	76	25	66	20	64	73	98	82	67	41	60	82	17	69	13	48	67	40	65	70	31	86	15	63	19	55	82	64	92	9	13	93	66	57	84	2	99	41	12	70	34	67	42
90	75	2	97	83	12	75	46	86	99	48	23	34	17	25	88	47	69	93	50	77	44	2	35	69	72	81	72	39	14	70	36	4	84	36	8	50	4	74	63	1	82	98	4	88	70	69	74	1	3	48	32	88	100	76	10	67	65	12	70	28	77	27	81	51	35	66	5	27	85	13	62	67	27	46	73	61	95	97	49	16	4	15	9	26	7	26	41	91	41	87	39	91	42	7	48	53	66	55	41	24	92	65	75	9	52	97	82	46	44	80	41	86	31	94	58	36	63	56	49	11	69	48	91	72	29	78	96	10	70	51	73	81	17	22	90	76	37	6	97	93	39	69	69	23	47	53	8	53	90	66	91	32	33	81	71	13	32	89	34	56	66	17	34	60	81	100	25	59	10	81	98	49	56	17	67	100	80	66	97	20	28	98	17	34	20	62	87	80	92	78	50	23	76	54	14	7	27	51	87	32	13	56	10	73	18	33	47	64	36	7	62	82	6	43	14	86	76	80	53	40	81	47	63	47	6	14	83	34	43	44	65	64	4	6	8	68	4	68	91	87	17	16	86	86	77	36	7	83	6
7	80	53	77	94	49	26	95	32	67	72	98	51	81	28	100	25	23	91	82	40	99	26	8	96	8	85	11	78	17	1	92	47	44	16	70	23	58	83	36	98	51	33	7	13	17	82	74	43	42	77	5	91	1	35	10	12	60	84	42	13	40	41	10	15	69	51	71	57	69	24	92	89	90	46	30	7	96	42	40	75	47	98	72	10	69	31	41	42	87	45	25	61	10	27	67	44	34	93	87	65	90	74	65	14	41	48	82	2	61	6	35	70	93	51	30	87	69	26	95	40	44	81	77	84	6	39	82	23	26	19	4	40	15	62	96	90	51	55	16	33	72	8	57	67	38	81	63	30	50	39	80	52	45	60	99	95	11	93	76	96	55	97	53	28	85	82	89	9	62	98	25	99	39	70	39	23	73	51	54	8	25	65	87	45	39	71	44	70	7	54	39	68	64	80	34	100	43	17	54	71	4	83	41	85	6	59	28	1	64	66	41	30	38	26	38	25	49	56	12	82	85	67	6	17	74	89	44	81	8	84	97	66	70	60	30	72	46	80	54	19	87	57	42	84	99	42	10	76	41
45	21	2	95	13	35	21	49	40	80	35	89	79	91	47	25	25	32	80	78	93	2	42	97	77	29	98	8	31	96	66	79	19	1	83	77	44	14	68	57	11	32	24	44	61	91	21	66	11	86	42	39	3	64	20	54	14	40	63	75	41	88	25	76	76	56	41	68	48	68	89	56	67	41	28	94	23	65	76	26	85	42	63	69	5	61	15	10	27	1	76	37	67	65	4	71	41	58	25	98	95	25	93	70	70	45	3	75	58	56	31	36	93	72	39	44	11	6	14	46	86	7	87	36	52	84	41	42	64	26	98	60	63	53	42	36	1	55	78	50	73	57	79	40	65	90	89	45	11	86	31	77	37	58	57	23	18	39	11	22	4	16	63	21	82	56	40	54	59	68	48	73	15	88	48	93	10	18	39	70	36	7	50	20	24	97	30	48	19	8	85	54	12	55	93	54	90	100	86	37	51	95	86	68	98	17	71	30	23	43	22	28	24	81	74	14	30	58	86	42	97	42	72	16	59	48	70	14	80	70	48	81	21	20	83	17	96	12	41	35	86	87	21	16	90	25	84	73	58	65
57	67	82	19	71	27	41	62	21	89	71	68	16	99	23	56	41	63	56	20	45	28	51	55	100	29	56	9	47	40	10	73	1	56	47	30	46	2	95	61	44	52	95	81	30	70	11	11	8	31	57	96	79	12	25	32	75	69	73	27	50	43	97	42	37	12	64	17	21	55	84	6	16	94	76	72	1	36	17	95	17	64	43	63	44	39	9	2	85	65	80	100	27	27	39	56	92	8	67	39	32	75	44	72	54	88	63	34	100	98	39	62	61	9	6	2	9	53	7	12	59	95	14	28	96	60	39	31	12	48	27	82	19	23	28	79	77	2	18	85	6	46	45	88	92	92	55	36	7	16	19	21	9	61	64	99	17	12	68	92	73	64	76	72	1	75	97	48	18	12	79	3	44	100	85	16	27	58	22	56	41	89	73	3	45	45	67	31	68	69	85	100	94	25	68	69	18	58	68	58	44	61	16	33	98	91	90	88	26	23	80	29	2	61	44	37	38	6	31	99	15	63	13	35	41	70	99	24	22	17	75	46	78	88	32	80	4	19	98	57	5	16	95	23	37	11	69	58	31	91
61	39	66	100	47	92	93	66	39	61	13	25	48	69	73	93	97	60	81	75	20	55	64	84	56	26	77	74	16	83	26	61	26	100	79	39	57	64	61	16	83	20	51	92	94	80	98	16	67	94	19	49	8	24	57	39	25	12	58	79	67	2	8	18	72	70	78	38	18	21	60	51	81	27	70	77	67	79	100	18	6	30	10	68	81	92	18	83	22	34	51	11	27	72	31	95	32	71	97	61	51	16	16	39	60	42	10	39	62	63	80	80	40	51	57	13	97	51	52	34	46	53	100	47	69	9	60	62	17	82	68	10	86	45	91	56	42	82	8	58	28	26	87	74	36	2	93	23	35	43	43	91	72	28	65	64	99	63	76	52	72	72	8	48	21	77	92	60	28	25	19	4	29	3	56	12	67	21	83	95	86	33	95	96	17	2	46	79	49	67	77	19	91	54	26	60	48	44	97	55	18	43	13	53	61	70	45	1	69	13	40	15	85	35	40	1	71	78	20	66	56	20	90	36	98	62	17	73	46	66	39	56	48	47	50	64	58	42	16	85	8	43	48	41	26	90	76	82	66	14
8	84	17	31	39	97	33	42	57	47	58	85	66	18	67	48	66	48	37	54	53	88	68	71	51	81	19	54	2	82	67	95	65	47	75	31	26	56	83	46	29	63	73	7	64	29	43	33	28	34	74	9	95	19	59	59	84	28	70	37	81	59	46	52	33	35	89	47	26	72	44	71	95	46	36	28	41	2	58	86	3	55	55	66	37	14	50	27	13	86	89	72	93	92	36	15	88	72	65	39	15	82	61	91	36	89	57	64	67	44	54	20	1	10	14	49	9	56	4	11	93	44	76	26	57	53	55	67	34	35	93	3	32	93	43	21	97	68	99	40	9	68	98	83	8	48	45	58	36	68	45	22	18	27	13	11	16	51	56	65	46	67	2	100	79	27	6	6	50	94	28	55	54	44	37	32	13	1	10	29	72	32	4	47	48	63	43	24	77	49	95	64	53	36	98	24	35	11	2	2	76	85	94	41	39	21	29	60	90	89	77	41	88	11	4	83	37	89	34	88	19	87	27	42	30	93	32	57	75	98	9	7	57	17	52	13	33	51	76	86	22	20	64	84	76	62	47	37	70	24
52	23	77	39	23	57	2	31	57	19	64	85	19	73	82	36	50	100	53	54	31	73	51	14	8	35	16	65	97	27	20	89	18	5	51	26	64	57	24	72	30	44	87	23	59	87	42	50	50	41	31	75	80	48	47	93	52	66	5	5	65	15	55	83	45	23	21	35	65	35	22	3	26	53	94	85	45	31	26	11	100	45	16	91	25	83	62	70	73	5	32	68	15	24	70	8	77	50	9	5	42	22	15	1	4	33	77	98	91	80	99	59	18	76	99	80	26	19	88	51	35	91	58	62	56	91	51	73	58	3	11	12	74	7	22	15	43	18	36	19	23	27	71	28	15	93	90	28	27	19	60	30	56	79	36	17	27	96	95	5	52	5	98	48	37	22	8	78	28	87	19	9	29	64	61	81	62	5	30	80	97	3	96	12	49	20	20	28	15	65	82	11	32	52	21	90	41	43	57	70	17	10	88	75	86	4	30	4	46	89	59	31	23	69	94	46	28	49	38	16	4	22	4	58	29	63	4	59	44	67	29	93	28	34	75	7	86	30	81	3	28	63	60	41	12	8	52	85	25	66
96	94	25	57	96	76	64	66	19	79	82	84	92	64	37	86	74	89	35	29	10	58	88	32	67	100	16	37	93	43	33	87	92	88	59	91	2	45	10	73	55	24	91	64	9	61	23	91	74	89	11	19	48	5	82	65	40	98	94	74	87	45	58	96	70	62	19	43	85	89	20	79	29	22	58	67	90	53	21	95	96	51	39	34	33	58	51	47	50	52	4	24	47	70	94	30	94	64	4	14	29	83	48	35	76	98	30	76	85	53	76	66	11	33	17	32	86	58	13	96	52	94	72	89	16	14	99	52	83	5	15	96	28	15	70	71	92	60	50	13	89	70	1	97	85	74	29	75	51	46	46	59	47	11	51	27	22	8	25	17	98	6	70	23	95	23	97	29	48	48	23	70	7	62	94	97	75	95	44	2	29	78	24	93	23	5	47	56	7	17	76	57	59	78	56	15	60	63	49	17	9	5	22	68	74	93	48	46	68	7	30	22	96	80	42	1	27	60	94	30	19	87	27	39	84	20	84	73	59	98	27	87	59	3	40	5	71	44	29	17	71	11	59	80	4	83	4	39	14	74
73	66	89	58	1	45	17	93	70	42	21	42	35	77	93	4	46	100	67	12	22	34	52	8	14	17	99	31	7	60	50	48	68	11	42	15	44	64	30	67	66	84	98	64	73	24	36	2	36	8	6	25	84	48	66	66	17	24	38	65	79	7	32	37	39	35	16	47	44	2	3	1	36	81	80	42	38	50	33	99	17	53	99	64	82	46	25	64	8	46	12	62	16	55	40	25	79	76	75	79	81	53	86	19	86	37	6	5	97	33	45	2	24	91	2	20	45	70	4	17	96	26	17	54	34	82	79	22	35	81	93	51	82	100	56	89	92	55	12	74	95	6	36	1	46	65	29	24	17	49	34	49	19	71	44	67	61	25	73	35	82	54	46	76	80	97	87	77	47	20	89	55	87	54	73	17	87	25	77	87	42	58	45	41	31	26	3	31	66	1	15	83	80	8	97	69	14	14	80	5	34	28	16	38	53	22	89	67	19	62	6	40	39	74	18	23	99	85	37	12	88	84	61	83	99	96	18	59	64	39	21	28	60	88	69	28	65	63	4	58	61	89	43	88	84	28	37	2	90	84
93	100	83	53	4	45	92	16	88	41	83	28	58	45	78	19	75	57	40	57	90	13	61	6	31	53	88	77	10	77	66	39	73	31	48	68	15	86	64	65	16	47	68	29	55	4	89	16	13	8	44	8	59	6	27	7	74	39	63	42	36	8	5	56	77	9	63	21	42	31	79	94	1	30	61	77	25	21	6	75	88	76	89	60	77	100	17	37	15	86	89	62	63	81	65	40	80	8	45	54	45	13	43	71	58	45	45	87	14	44	45	47	46	69	88	71	97	2	73	62	20	41	50	58	67	15	45	87	82	38	40	58	88	72	98	22	57	85	87	38	3	47	21	64	52	36	69	74	46	9	13	13	84	11	39	30	88	39	11	37	42	81	32	54	32	50	9	83	43	75	4	6	94	37	84	37	47	41	16	32	19	66	65	19	13	78	45	75	63	84	8	96	45	17	46	51	79	79	37	38	80	7	39	7	14	38	98	8	84	60	36	60	69	28	41	45	73	66	11	74	78	27	26	14	8	2	82	33	2	47	34	24	86	76	10	59	62	22	78	70	20	64	84	75	76	88	25	25	78	34
57	44	34	40	13	95	57	62	20	1	99	74	48	35	1	9	32	71	54	12	74	10	5	6	29	56	87	13	96	46	56	12	94	68	30	13	99	45	78	75	90	57	75	82	68	57	59	39	78	59	42	10	74	85	3	73	77	21	31	89	84	17	45	38	27	79	3	51	61	54	80	54	47	85	58	100	10	92	45	3	20	51	34	4	52	56	75	13	17	70	96	94	45	14	91	67	93	41	24	54	63	39	15	45	57	94	85	55	98	30	86	83	30	79	44	83	6	38	20	68	82	1	68	78	18	58	21	71	55	94	20	17	78	62	24	19	40	3	41	27	38	71	23	5	1	99	76	51	69	46	9	8	84	74	89	52	4	9	15	8	51	22	88	61	7	12	59	98	44	17	21	52	20	87	85	52	37	74	67	67	41	55	27	70	78	47	43	65	78	60	31	3	86	93	81	99	71	16	6	96	65	91	34	24	66	44	93	68	44	92	54	92	67	19	99	8	8	47	26	38	84	34	22	36	65	100	61	68	42	8	82	45	21	11	28	71	61	79	9	14	6	34	58	55	56	74	61	84	90	53
98	9	91	89	57	22	49	55	38	37	56	72	49	13	85	6	25	25	82	57	33	68	28	30	24	5	82	21	6	84	100	51	11	39	54	89	38	3	33	80	5	76	17	69	94	10	43	42	47	100	69	3	57	61	45	73	58	1	24	14	70	11	25	27	51	35	8	50	70	28	14	58	45	60	4	61	42	6	80	47	79	58	30	39	45	76	95	30	52	83	75	76	12	46	64	8	10	53	18	65	79	26	62	93	8	74	45	96	100	3	53	19	53	21	64	12	77	41	78	22	26	99	47	3	44	20	61	52	77	70	54	57	16	12	30	2	39	4	65	3	67	44	74	55	8	44	6	41	35	98	62	81	39	97	1	70	74	15	94	15	3	34	53	20	18	98	60	76	88	18	48	34	16	58	29	99	37	60	75	77	2	93	20	3	73	77	92	73	28	33	5	63	76	38	41	20	12	38	69	34	94	11	49	13	93	95	51	28	81	96	29	88	72	59	71	10	54	73	13	34	69	35	21	59	13	73	62	22	52	58	74	19	14	17	82	100	90	7	38	51	85	56	34	27	62	21	24	100	1	3
72	47	38	4	17	48	91	37	94	13	64	16	59	91	11	53	51	81	85	21	16	53	58	3	51	80	98	1	19	78	43	76	45	38	15	81	29	60	27	51	65	96	83	65	80	87	74	38	76	47	15	69	24	36	58	33	4	16	36	86	1	29	87	30	69	61	3	49	14	36	17	94	83	80	54	72	10	11	11	52	84	96	19	20	50	64	58	20	20	82	79	29	87	24	1	81	22	58	18	61	51	79	64	43	33	23	88	97	92	20	11	55	84	30	53	79	99	76	97	22	88	20	69	24	15	37	56	57	1	54	100	44	52	41	89	15	38	94	37	10	31	23	93	73	21	35	64	69	62	59	67	24	11	91	10	71	86	99	3	1	97	53	39	31	41	82	70	89	58	25	40	3	46	63	98	81	70	76	55	31	55	77	30	90	29	63	48	89	27	1	47	18	47	29	26	41	30	80	14	61	3	66	85	14	7	77	91	37	60	35	49	54	10	36	5	55	50	26	19	96	4	14	20	2	3	38	75	95	93	31	64	15	86	50	35	27	86	76	35	71	25	92	100	8	31	54	33	57	84	33
43	32	1	22	71	32	87	73	53	14	1	45	31	26	53	96	84	31	48	62	34	16	65	45	41	30	26	17	40	79	49	98	26	65	45	8	78	96	45	44	99	14	14	45	34	61	86	36	72	35	16	74	28	78	86	50	65	17	35	87	26	38	33	66	18	83	8	62	78	71	41	7	63	75	88	75	48	12	90	75	31	81	97	36	36	92	78	36	59	65	8	65	9	66	7	94	82	65	58	27	61	86	58	43	21	81	9	88	47	92	33	100	40	76	7	98	74	17	27	65	40	18	73	7	38	6	50	74	72	32	47	56	30	37	47	69	13	3	2	40	32	89	74	97	16	79	17	92	35	74	99	41	63	80	61	73	42	13	45	7	12	58	3	52	78	15	84	75	64	98	84	94	67	77	88	12	8	97	52	41	43	71	11	91	58	49	44	25	70	39	30	79	63	34	54	62	70	78	66	30	90	52	94	38	43	90	12	86	14	5	55	73	21	22	11	50	12	66	74	50	80	56	16	47	77	69	93	93	40	89	14	49	20	94	96	56	62	78	50	33	92	80	86	2	95	37	1	39	96	76
12	62	4	82	38	69	21	77	27	63	21	60	12	70	19	43	10	29	29	41	96	25	45	44	44	95	20	44	48	51	69	96	77	78	39	98	88	86	56	4	64	59	38	39	25	25	90	68	46	85	21	94	15	34	78	67	95	31	73	97	55	93	77	12	39	14	92	9	29	41	85	9	46	72	22	89	79	35	96	18	21	93	20	36	66	79	32	53	32	73	77	64	100	71	61	66	43	21	25	11	20	85	43	38	67	2	33	31	22	39	27	85	57	67	85	69	6	87	10	25	64	80	57	42	54	5	85	31	36	100	48	87	52	78	60	73	74	33	72	62	71	65	64	68	64	59	9	65	91	32	90	30	20	52	90	58	52	47	94	86	8	14	93	35	78	45	34	54	32	4	76	11	82	93	26	80	12	60	34	56	31	78	49	85	86	91	20	2	81	44	81	55	58	57	2	44	26	39	18	47	25	3	92	62	65	43	14	13	81	18	65	16	56	4	95	24	47	56	66	3	47	41	60	90	83	20	83	50	41	19	31	65	88	12	5	66	56	24	19	61	92	52	52	79	81	22	71	3	10	81
7	57	76	64	64	43	93	25	28	37	61	73	38	17	67	99	61	50	64	55	68	28	62	26	63	55	36	61	95	92	75	37	70	91	59	100	68	92	66	90	88	82	13	19	63	16	55	18	86	64	83	54	12	65	16	12	71	39	69	65	22	32	25	62	77	69	19	70	40	14	70	14	73	41	4	62	58	60	80	7	79	6	21	67	14	80	98	69	89	20	52	56	7	2	4	79	31	66	93	72	1	2	1	81	62	68	91	31	97	79	59	45	80	59	28	67	43	41	14	63	64	99	31	1	61	87	8	65	46	67	79	7	72	4	47	22	44	30	60	60	8	60	17	39	15	24	94	2	6	60	40	62	55	68	44	4	17	76	38	90	62	16	55	47	94	76	82	2	19	82	45	60	31	70	6	96	51	68	25	87	63	76	17	73	57	86	34	74	60	75	8	57	94	22	42	86	27	7	26	34	12	33	72	60	44	53	86	59	79	12	9	72	91	11	28	53	43	4	27	99	14	33	90	4	67	36	75	47	91	48	17	32	74	93	30	73	26	39	34	17	97	80	24	94	79	74	84	59	4	92
49	35	16	80	1	11	44	23	60	4	11	33	37	63	27	100	11	6	96	98	46	28	16	79	33	13	89	41	71	67	63	73	7	30	62	79	7	15	44	21	54	26	62	34	5	21	76	43	39	67	40	53	75	39	24	82	86	34	38	67	89	10	71	15	7	25	1	32	79	98	19	51	51	14	88	17	30	18	72	29	16	57	94	86	17	84	20	90	83	34	17	11	37	71	67	21	52	11	8	81	42	61	15	79	66	61	74	79	65	46	15	99	12	86	43	88	40	63	34	40	68	89	22	31	49	81	65	3	92	51	42	90	46	23	93	16	62	50	77	96	15	39	4	35	51	26	26	82	69	68	93	87	8	80	21	73	22	46	72	3	68	84	68	98	26	62	75	34	98	8	40	63	53	2	11	2	96	61	27	1	98	77	13	57	5	44	62	50	43	20	39	9	81	20	94	67	29	60	23	51	84	36	89	51	95	59	37	53	54	51	32	11	51	54	78	11	17	60	38	90	48	46	53	82	66	83	30	42	89	98	67	14	35	9	100	52	60	48	27	62	27	6	97	63	81	28	71	20	1	25
55	21	58	51	20	65	39	33	67	60	20	84	98	68	99	49	3	18	96	47	61	84	100	34	20	29	55	24	68	94	92	97	11	23	70	37	21	28	57	64	2	57	41	62	47	22	25	46	63	64	96	8	23	41	77	31	43	84	24	26	27	99	87	21	20	47	73	50	5	19	99	59	15	3	8	61	45	4	12	22	88	69	88	57	5	49	71	49	46	13	63	13	2	54	27	45	47	78	52	46	77	11	38	11	54	89	49	82	68	44	83	27	76	66	22	42	96	92	30	89	35	68	10	19	68	80	74	42	1	94	37	3	83	90	11	21	95	84	78	32	70	69	33	90	17	94	48	93	97	95	97	86	24	90	52	41	43	51	6	40	28	6	76	76	10	57	21	83	84	36	93	93	62	10	55	34	6	13	26	43	11	99	67	67	17	47	3	6	63	26	45	6	68	71	88	45	11	18	81	87	68	91	14	66	99	85	4	17	12	28	12	95	76	34	84	66	95	7	18	71	43	51	96	91	83	71	28	80	69	21	77	23	66	76	26	71	56	28	92	54	78	65	91	16	34	92	89	56	74	95
74	62	72	12	89	6	49	42	8	12	76	31	88	79	12	33	6	74	46	5	71	69	25	50	15	93	75	57	35	15	23	42	67	72	4	85	57	53	77	13	41	67	27	74	58	10	15	22	74	40	55	11	84	78	96	54	53	84	17	87	12	2	25	61	100	72	96	74	30	67	7	65	94	81	1	29	49	98	23	60	15	40	83	62	2	48	58	30	64	14	61	36	69	98	19	97	11	97	27	100	77	10	23	52	59	54	10	6	83	8	78	15	43	59	79	26	88	64	96	19	82	24	96	23	27	32	77	27	9	62	8	56	62	90	100	34	26	95	35	48	95	12	88	2	41	13	52	58	53	4	57	65	51	74	44	77	46	13	8	15	21	93	48	56	4	44	86	32	55	79	85	78	9	8	94	36	62	11	13	68	77	46	64	96	100	53	25	64	39	37	100	78	81	71	51	65	41	98	13	31	74	98	3	14	23	72	3	10	100	78	50	18	79	86	63	31	61	98	74	48	70	11	19	88	52	4	59	22	77	21	67	23	73	40	90	11	18	83	84	20	72	61	8	9	100	14	38	28	64	36
5	93	19	5	41	64	49	73	11	32	21	27	33	2	76	76	34	49	90	59	36	43	28	51	17	14	20	61	6	42	66	48	57	33	49	72	51	52	15	57	24	77	66	3	15	32	65	55	71	70	1	12	93	47	94	76	36	2	44	68	19	52	42	31	96	40	80	72	48	55	88	46	16	76	65	30	34	27	54	84	36	21	50	31	43	40	80	11	80	15	2	18	61	32	18	18	9	42	2	90	96	9	23	52	59	64	93	57	77	33	76	13	25	85	23	67	54	40	62	61	7	8	99	62	52	65	66	25	31	91	12	7	70	99	86	87	88	93	10	43	34	72	79	79	54	59	53	10	80	27	100	21	36	24	54	31	50	98	76	80	15	36	10	38	87	39	30	47	38	93	94	42	39	64	6	68	60	33	63	5	70	78	17	54	85	90	89	49	2	61	10	54	43	10	89	93	72	37	73	40	7	89	29	91	93	69	13	54	8	39	15	1	67	49	21	37	7	44	16	65	90	64	89	82	19	86	80	11	73	75	87	56	92	71	86	16	93	71	75	70	9	53	88	77	87	6	93	65	78	39
65	87	83	96	62	8	83	9	91	90	28	61	65	98	91	39	56	90	19	47	40	7	7	98	28	8	99	85	33	35	68	73	46	13	71	65	56	16	4	82	2	86	26	78	57	63	11	28	96	1	65	69	23	4	10	96	56	48	59	10	94	30	77	90	100	5	28	43	30	88	38	16	61	97	37	25	6	50	97	100	75	60	78	78	61	6	32	97	64	52	13	77	73	37	6	96	34	46	17	59	27	15	51	42	88	98	96	78	15	4	44	95	2	29	92	71	71	58	12	45	78	33	50	23	75	12	41	98	77	28	27	80	96	97	8	75	80	42	86	65	34	22	9	46	4	6	35	25	59	71	92	2	37	86	77	19	19	60	2	100	81	94	66	24	72	57	28	82	20	95	9	61	51	19	50	17	83	22	51	71	50	29	60	89	4	73	29	21	79	22	77	81	85	62	70	40	66	7	24	74	3	9	42	47	31	21	46	26	79	66	100	51	18	91	16	89	68	85	22	72	31	36	71	52	12	39	39	26	28	87	55	93	51	53	47	83	59	56	21	18	3	27	24	100	19	26	94	78	98	5
61	71	17	12	41	72	27	45	27	71	2	55	82	84	95	44	88	54	8	72	36	49	38	6	39	49	43	33	48	39	47	84	55	80	89	50	14	28	2	18	1	59	48	36	76	9	66	3	7	76	91	39	23	77	18	100	47	8	60	82	8	53	36	7	73	28	37	86	87	44	4	59	38	99	12	75	18	34	16	86	45	100	44	89	74	45	47	37	6	62	33	94	90	72	98	91	45	27	99	72	43	98	62	15	93	81	22	12	86	87	97	77	94	19	22	98	4	100	95	13	92	34	57	58	30	73	4	12	77	79	67	39	95	19	87	47	73	70	87	89	89	67	31	87	30	92	91	60	4	42	50	84	32	9	57	49	70	80	15	100	81	54	3	24	42	62	50	46	27	58	12	35	67	18	34	11	99	71	92	36	50	79	47	41	9	64	62	100	83	8	80	94	42	5	6	9	100	93	47	93	29	8	33	11	98	82	93	72	94	83	95	38	16	98	30	6	55	46	25	64	39	23	21	86	77	3	98	65	11	54	28	99	44	61	96	12	30	46	28	26	93	14	6	2	70	45	20	22	26	18
70	95	65	88	45	30	27	28	62	99	8	77	47	63	15	94	74	58	62	82	38	31	75	13	22	54	38	87	33	80	53	17	49	52	6	99	76	32	3	19	86	74	36	51	77	12	82	35	68	24	51	9	35	26	27	34	48	20	82	32	65	43	5	27	85	53	78	86	82	65	12	40	31	99	7	61	83	54	79	10	89	86	78	60	77	32	48	18	53	14	1	69	90	18	55	38	32	4	93	89	41	33	8	81	5	93	45	20	19	87	42	20	6	7	49	84	31	85	54	3	63	77	71	71	52	98	23	32	79	34	85	43	25	98	67	9	25	29	50	39	35	56	33	75	23	45	75	17	86	33	35	59	52	25	2	67	14	95	25	23	43	4	80	24	36	80	40	6	27	78	16	88	60	6	30	49	71	59	42	30	19	64	4	60	88	37	49	5	82	81	61	77	50	90	13	12	5	48	49	12	1	60	86	74	63	11	7	43	42	94	8	48	19	42	27	86	14	23	16	87	73	12	43	35	76	84	29	28	65	3	95	9	47	80	36	6	72	33	22	2	19	54	84	88	69	93	87	58	79	30
18	72	46	8	49	23	95	55	3	60	82	38	28	14	8	78	37	90	73	68	17	86	44	69	58	78	60	62	46	26	23	84	45	40	98	85	81	40	72	38	71	60	33	87	59	95	81	59	3	22	43	67	94	34	82	80	61	95	71	81	41	39	37	52	73	91	76	23	38	39	4	15	33	13	71	36	30	36	38	91	28	40	45	18	89	19	98	21	34	25	71	33	39	67	33	66	26	90	90	6	4	76	61	87	100	88	96	69	25	58	75	9	98	90	23	16	86	72	76	13	56	30	30	6	47	84	81	72	61	66	69	58	11	3	69	29	76	100	87	48	29	82	57	89	1	79	34	42	73	59	84	65	15	13	32	4	5	9	73	16	69	98	36	51	18	78	61	83	81	90	30	22	25	83	84	2	99	43	80	24	15	100	49	68	84	36	61	27	43	48	23	34	41	82	32	63	70	5	100	13	76	3	37	4	53	58	64	10	51	86	54	74	75	75	18	90	73	79	81	64	23	48	32	71	85	54	86	73	69	62	55	74	57	61	89	57	43	34	17	46	57	48	37	100	19	66	77	87	74	22
