30 350 0.2 0.2
16104
14797
14913
13886
15503
12965
13902
16043
14511
15599
15023
14853
16170
15885
14169
15193
15083
14950
12938
13458
15884
16002
14759
13300
13766
15034
16332
12884
14284
14510
16479
14319
13262
13038
13949
14016
13592
16446
14585
13959
16483
16055
16069
14308
15912
15231
15795
14036
15325
13919
16088
14193
15655
13370
12919
13407
15178
13748
14140
16052
14558
15254
16422
14694
15598
14369
16091
13813
14113
14917
14921
14319
13848
16185
15400
14590
15596
14838
14376
14920
14910
14293
14979
12901
14589
13845
15206
12923
12894
13048
16007
16105
15712
12926
12914
13107
13633
13784
15972
15098
13591
15211
13859
14908
14851
13992
13260
14932
13541
14363
13915
14891
16409
15027
16492
16132
15175
15080
13345
16248
14790
16044
16243
13396
13339
13487
13143
16414
14172
14681
15576
13798
13791
12970
12874
14161
14581
14474
13703
13853
15903
14303
16221
15469
15772
16001
15016
14897
14199
15782
13439
14560
13139
15063
14621
15970
16025
16439
15087
15147
13154
14633
13614
14917
14274
13104
14248
14867
16095
14296
13001
13797
15396
13872
15571
12972
16354
14481
16328
14098
14475
15811
15420
15143
15617
14727
13846
14152
15955
12994
15511
13338
16157
14569
14830
16408
14300
14526
15802
12991
16464
15864
14853
16100
14584
16036
13554
16301
14958
14139
15349
14459
15980
13923
15255
15063
15224
16521
14742
15279
13888
16460
14442
15346
16213
15800
15306
14450
13858
16222
13618
15665
16116
15296
13587
15590
15342
15129
14126
14283
13863
15378
14926
14730
14992
15490
13504
15880
14099
13176
14478
16518
15395
15562
13523
14676
16060
14740
15733
14600
15092
14505
13668
13894
15522
16215
14958
13226
14129
12866
15819
14877
15168
15916
15335
13055
15605
13039
16259
15444
13642
14916
15765
14159
14804
15924
14789
14497
14629
15668
13758
14322
15463
15378
15125
15276
15248
16073
13727
15983
14002
13152
14903
13853
16126
15997
14511
14334
16463
13204
14148
15602
14796
15740
15204
14866
15403
16177
12998
15588
15987
13740
16254
14155
13067
13830
15177
14094
13370
13747
15266
15621
14650
15393
12866
15999
14162
13822
15306
14802
16160
16513
16484
15666
15126
13812
14835
16019
16051
14839

99	14	22	4	73	11	59	22	14	93	71	38	49	40	11	69	92	50	59	38	56	70	12	98	76	8	4	66	66	67	77	83	97	81	16	30	89	71	88	34	83	20	28	63	60	63	31	51	86	46	48	35	78	60	34	97	63	81	82	54	94	11	90	58	44	60	82	31	10	55	85	17	53	8	89	91	74	97	34	25	73	50	93	25	28	34	53	88	24	53	98	95	74	76	25	99	1	15	88	73	94	18	50	31	63	51	21	50	17	13	39	46	69	6	47	82	70	80	4	8	23	37	68	72	25	37	70	51	62	2	97	62	65	92	32	51	80	15	44	12	89	18	72	74	37	53	2	76	70	46	88	65	57	95	75	56	28	56	69	60	24	52	49	76	63	62	4	93	13	50	65	76	34	97	53	33	51	78	26	95	60	51	62	42	2	4	21	98	42	77	6	94	33	74	38	15	69	95	30	47	49	73	55	98	11	58	98	95	38	21	28	9	79	26	20	87	29	73	24	10	52	10	24	8	53	36	61	44	31	9	74	79	21	33	90	85	33	99	68	11	51	7	11	7	96	95	77	92	72	28	87	80	29	30	57	35	8	57	33	38	68	58	31	54	48	100	92	66	94	49	7	100	11	79	32	9	1	63	53	14	38	71	91	88	72	53	91	81	36	42	37	39	96	57	6	34	41	9	31	33	64	80	41	72	90	11	88	95	27	62	7	72	10	47	42	61	47	4	13	74	92	44	98	23	47	16	62	17	19	55	1	86	67	10	11	13	63	88	34	72	79	83	54	5	67	63	70	4	79	92
6	35	49	19	3	17	44	32	24	53	90	48	2	35	39	74	19	41	45	60	45	3	53	3	19	84	80	69	56	8	43	67	44	38	13	34	12	46	15	28	83	58	63	54	24	19	81	45	73	56	36	12	24	100	72	72	77	43	51	93	14	66	68	24	58	60	64	5	1	97	40	84	70	59	96	86	84	84	99	42	7	19	22	38	19	96	73	12	54	6	44	90	77	22	59	57	2	55	57	83	98	100	38	58	11	10	47	62	7	23	66	58	6	6	77	8	55	19	64	65	24	59	86	47	37	66	88	24	39	89	47	25	98	87	38	2	46	7	85	83	91	32	69	85	13	69	23	48	99	80	76	48	9	84	43	93	29	43	52	45	56	81	55	97	65	87	55	69	40	100	8	80	22	47	75	53	89	15	74	74	21	72	98	25	78	52	96	96	56	81	42	61	87	68	21	31	49	2	36	64	93	24	68	96	71	46	33	8	30	27	31	92	73	73	93	84	67	41	27	93	60	74	87	84	2	58	12	25	92	55	62	20	78	45	29	57	16	48	4	77	2	11	31	95	12	55	69	58	74	88	29	6	2	99	23	20	49	95	87	67	77	27	88	23	38	47	13	4	6	87	16	44	95	9	42	29	89	29	50	69	16	6	2	86	100	58	19	39	54	99	72	80	69	68	8	58	29	72	59	74	14	33	72	45	67	74	94	60	73	60	21	47	53	14	26	62	66	3	26	96	34	47	24	7	15	13	56	37	11	62	50	100	26	90	20	1	26	52	33	97	98	17	39	5	48	7	97	57	41	78
71	13	88	3	99	70	10	2	92	20	87	72	91	47	4	96	31	64	20	99	65	36	85	27	100	25	67	25	79	75	33	23	7	33	3	82	95	4	8	16	64	56	49	7	44	5	92	37	57	67	16	42	40	70	73	76	28	78	35	35	64	3	50	87	12	4	82	27	47	84	46	8	99	28	62	99	86	94	50	71	24	47	8	76	79	8	94	90	30	98	88	80	86	28	8	29	42	94	80	26	87	49	68	3	12	93	74	7	81	3	41	74	42	5	50	82	3	17	57	1	71	26	41	26	96	62	34	55	73	51	43	84	5	63	11	29	63	19	55	14	76	70	27	21	38	78	67	72	28	32	43	17	40	67	63	4	6	30	52	13	89	34	67	81	51	77	21	81	45	86	32	1	80	58	61	3	51	84	64	64	60	9	62	29	85	55	45	24	91	27	37	40	72	67	66	63	79	4	51	36	3	11	67	45	48	12	96	99	82	65	88	93	95	34	15	55	96	54	69	24	13	62	78	67	8	28	81	1	1	50	88	73	17	87	26	96	27	95	18	68	32	70	27	65	17	22	18	86	57	44	10	25	11	51	52	80	91	25	2	19	29	36	72	60	69	92	55	58	25	24	33	42	69	53	89	99	74	88	7	27	64	96	73	2	17	59	63	45	28	88	28	70	50	18	8	64	4	80	90	84	3	74	9	98	27	78	55	95	4	83	84	95	5	60	52	34	13	18	88	20	21	31	59	41	34	88	95	58	94	67	13	49	84	39	100	1	57	21	3	72	93	59	61	100	61	25	73	60	53	51
24	77	86	47	74	51	31	93	8	96	97	57	76	72	43	1	66	26	41	9	95	78	46	49	27	52	22	80	80	86	69	12	83	39	37	78	68	55	31	70	13	23	86	81	25	86	13	69	50	33	4	22	97	47	89	28	65	99	56	64	81	82	15	75	17	95	59	19	18	79	6	13	32	95	44	87	73	13	65	39	85	86	46	56	7	49	4	83	83	43	24	49	71	24	15	58	2	97	13	68	64	80	36	13	41	5	48	28	20	63	56	100	50	49	81	89	81	82	53	72	37	55	15	43	97	33	84	58	66	73	79	28	69	44	20	93	19	93	13	51	34	4	11	79	37	59	91	97	77	54	31	11	30	93	82	82	77	15	5	80	45	25	80	16	4	96	16	36	100	62	34	93	67	82	35	20	66	69	62	92	34	47	79	55	29	23	64	73	69	25	94	64	14	75	65	71	78	24	81	64	33	67	37	14	94	73	66	3	91	30	100	81	24	41	43	47	25	9	29	18	63	98	85	1	82	65	9	76	67	25	92	98	75	90	66	59	32	81	37	86	52	82	28	32	83	89	48	24	17	67	20	1	36	60	52	11	45	4	91	30	50	79	27	7	83	7	97	1	29	55	78	15	43	32	65	50	70	62	39	81	53	73	20	71	58	42	83	86	18	58	63	61	58	32	57	5	54	59	95	40	10	89	5	80	76	43	58	31	62	55	25	15	61	45	49	37	42	60	36	71	21	100	57	74	53	18	83	39	36	92	14	40	99	31	51	38	57	98	84	36	96	22	98	44	43	4	31	62	89	35
57	11	66	82	6	1	21	79	74	100	1	54	28	15	16	55	75	80	51	77	10	38	67	41	12	65	25	72	99	62	85	31	22	26	7	22	39	1	39	82	15	95	10	19	68	8	69	99	54	36	32	80	5	33	53	38	75	42	35	25	24	5	57	70	85	98	65	7	86	92	79	61	38	89	43	86	12	52	88	86	45	59	83	87	42	14	91	8	3	89	37	53	48	86	26	58	96	58	92	53	20	24	99	61	17	11	93	72	66	30	11	70	94	99	79	12	52	29	59	99	6	90	13	57	52	55	96	92	50	37	18	98	78	98	20	58	66	9	79	58	36	32	60	14	78	80	13	71	93	87	10	34	55	59	90	84	32	27	40	94	54	92	48	93	22	34	84	34	12	31	73	83	21	1	38	50	28	40	21	81	14	66	67	34	31	90	32	26	58	63	35	93	44	4	49	20	1	57	64	90	15	41	76	59	72	3	1	90	20	51	20	77	88	99	67	37	4	51	5	4	43	78	28	3	27	42	93	2	81	11	73	47	96	48	80	79	58	76	86	96	29	58	94	56	86	73	84	22	8	16	17	63	96	7	3	71	58	32	57	88	82	92	68	22	58	3	58	49	68	97	64	99	26	88	32	54	24	82	83	39	23	92	53	28	12	16	22	49	50	43	6	8	7	1	27	93	96	37	73	55	35	26	21	42	95	53	29	68	78	72	29	92	19	49	37	72	51	76	5	76	72	74	49	43	94	94	58	1	4	34	84	44	18	48	44	52	50	85	63	61	43	35	18	6	83	19	37	57	5	76
39	23	90	62	6	57	84	73	4	65	90	33	32	60	29	90	73	47	31	91	85	95	70	30	25	67	74	68	57	51	60	8	75	16	34	50	60	47	97	36	26	63	86	82	90	24	73	70	12	81	58	61	84	68	27	67	29	51	61	4	2	91	28	89	93	92	19	79	60	83	18	26	10	61	70	100	37	32	63	9	64	12	13	84	38	94	7	10	70	11	28	91	61	41	31	7	33	31	24	5	20	50	51	93	55	66	85	58	51	30	88	36	17	19	63	63	2	68	73	46	14	66	72	4	27	32	57	25	46	35	10	58	17	66	12	33	68	86	77	63	37	2	10	66	65	29	53	100	67	70	83	40	26	39	64	99	45	17	25	18	10	92	41	96	99	11	90	92	10	49	21	12	85	41	94	36	64	60	40	27	70	6	60	6	99	4	21	62	96	90	88	96	41	86	41	19	88	54	42	36	25	11	47	73	33	11	67	59	13	30	69	18	19	30	59	76	24	48	45	21	11	58	49	76	26	73	52	90	74	83	80	29	9	53	78	62	85	77	55	64	85	94	81	86	11	2	81	12	22	8	21	79	6	14	90	49	57	47	87	76	95	68	94	48	41	88	21	45	10	76	67	83	65	85	55	45	18	65	27	55	81	70	63	87	37	76	74	87	96	44	10	5	77	40	96	91	90	23	11	95	39	91	43	24	94	62	43	46	54	49	32	85	95	16	80	69	42	82	65	92	50	73	31	74	27	65	46	75	98	37	61	7	32	10	91	83	12	57	81	65	59	86	49	10	69	66	62	71	64	97
36	95	60	76	78	53	47	73	93	67	90	20	67	76	49	19	77	82	28	92	31	16	100	36	35	26	80	74	79	6	87	2	79	95	25	47	79	77	16	2	56	96	17	32	24	97	88	25	46	92	5	40	70	56	26	2	68	63	17	99	46	84	10	89	61	35	41	62	13	49	11	22	78	38	54	38	99	16	92	43	4	80	42	80	80	90	21	40	84	10	41	1	19	75	47	100	92	27	14	13	46	32	27	29	64	56	35	40	17	100	5	15	71	41	56	26	97	11	5	62	52	1	55	17	27	86	13	2	29	2	73	8	85	79	83	16	89	4	34	31	91	63	12	42	31	90	37	79	5	22	39	72	96	92	59	51	4	25	93	99	69	81	7	48	39	100	61	60	14	69	70	93	76	99	89	53	56	38	7	23	69	98	83	1	64	76	17	87	17	86	29	52	76	73	92	99	10	8	91	33	94	54	74	47	49	80	77	63	3	75	61	45	90	72	87	54	23	71	9	13	56	41	29	33	5	23	17	11	26	95	84	97	19	12	46	64	100	16	92	91	27	72	33	41	35	39	71	92	79	57	80	68	57	54	74	98	11	90	38	30	8	92	84	41	56	73	10	63	90	12	26	5	47	100	72	95	10	47	46	26	94	27	43	17	60	81	14	76	45	35	99	61	67	61	91	76	20	99	57	61	4	14	94	64	67	68	4	23	77	16	78	76	36	65	19	86	98	22	51	41	42	9	30	5	56	92	45	54	60	14	45	84	32	95	72	32	80	68	39	96	81	7	52	74	83	52	11	43	78	10
29	10	75	99	91	53	57	85	91	77	46	79	28	58	49	19	82	58	98	14	21	70	45	99	95	3	11	27	97	5	43	39	53	98	27	66	50	57	84	21	60	90	11	48	66	51	6	92	99	38	100	51	63	15	12	39	30	18	71	58	67	59	24	85	74	41	98	69	44	20	93	54	77	31	76	75	60	20	56	35	62	46	98	82	30	64	65	58	1	58	59	97	94	51	38	7	39	48	8	94	31	69	100	17	21	26	71	28	59	15	89	99	16	95	37	27	64	71	15	14	32	96	50	25	82	16	8	98	20	65	98	77	95	65	71	67	64	83	96	57	39	11	39	15	82	13	76	75	37	84	10	22	30	100	41	53	19	87	33	23	10	98	78	29	36	23	88	71	30	21	74	78	35	69	10	90	54	9	56	4	76	67	78	99	3	82	42	75	37	5	26	69	2	32	39	29	46	9	83	100	78	37	78	93	57	44	87	81	96	22	80	41	60	1	43	59	88	94	69	6	39	14	88	71	83	53	45	93	24	49	51	16	17	78	1	26	78	2	20	15	33	99	91	29	26	22	26	4	12	45	69	72	72	50	23	12	18	92	95	74	47	5	58	87	4	49	49	88	55	11	97	94	41	2	9	1	61	32	98	23	76	34	4	2	52	14	89	3	42	41	69	55	46	89	87	61	35	15	16	27	41	24	8	2	11	7	43	71	5	77	72	11	62	17	99	47	98	54	55	72	91	6	59	68	61	84	80	69	52	76	57	60	61	58	13	32	52	18	3	26	80	6	14	43	29	52	35	93	9	71
79	26	17	92	55	74	96	61	74	63	17	41	36	33	11	21	27	71	92	83	73	73	16	12	94	32	62	55	17	18	80	64	100	24	53	92	81	47	75	73	72	8	59	25	57	38	63	77	46	95	57	58	64	91	6	9	83	55	5	72	44	48	81	84	85	36	88	72	33	96	82	87	96	48	27	28	78	37	91	62	44	35	37	3	10	53	98	50	51	36	5	5	96	17	37	6	3	42	33	56	24	46	12	73	5	75	76	56	23	9	42	94	58	78	26	95	40	26	64	38	40	85	74	14	57	57	31	48	51	3	99	9	79	15	34	66	9	60	35	93	29	75	6	74	52	73	93	51	3	18	50	26	60	49	70	46	16	66	90	83	49	93	14	65	99	35	60	36	93	97	79	1	10	95	86	23	84	82	39	25	32	52	62	56	87	88	18	9	51	91	20	43	57	57	76	20	51	41	34	100	29	59	100	40	25	71	92	36	11	3	73	95	32	31	98	98	94	1	56	19	17	5	48	59	34	75	39	12	94	95	54	71	97	95	34	99	94	16	71	20	26	55	98	4	82	40	73	42	57	25	98	93	44	1	15	63	64	44	95	23	56	24	38	71	7	86	71	87	26	91	10	61	15	99	4	73	10	47	31	5	91	45	24	80	27	12	26	29	87	85	82	65	34	62	99	30	90	3	79	34	2	26	38	47	84	59	35	9	36	95	48	94	98	40	13	82	37	39	22	9	59	28	7	59	87	82	21	22	59	22	56	28	84	89	27	12	95	36	40	60	83	74	21	57	60	78	53	6	55	80
76	38	78	16	52	19	15	20	27	1	82	71	14	82	12	63	65	61	71	31	62	32	41	48	42	89	82	28	1	56	49	5	13	42	88	55	99	19	58	23	38	75	93	75	33	55	26	4	22	31	31	81	93	72	94	18	11	45	26	38	36	55	42	46	12	50	90	26	50	43	42	36	85	58	33	61	58	1	25	82	36	40	23	48	10	82	65	86	29	90	36	3	6	98	45	62	20	78	71	9	32	31	61	79	57	12	5	93	18	89	46	53	23	27	98	99	52	93	23	70	80	55	89	79	56	41	18	14	42	10	14	48	29	48	84	99	84	40	16	23	12	22	80	33	17	26	14	71	36	68	77	73	47	45	50	42	81	32	75	46	79	47	12	14	31	74	99	87	56	75	15	19	77	6	90	27	94	5	6	7	72	41	6	88	92	93	45	46	30	86	50	49	71	18	26	82	1	56	37	15	75	22	20	30	90	41	92	10	87	78	42	31	6	63	7	6	82	76	2	67	16	58	60	91	95	51	48	70	48	4	37	78	13	46	33	64	3	78	71	97	27	41	7	36	37	97	20	30	39	79	63	97	97	24	48	21	70	93	96	48	24	20	30	50	54	30	27	72	57	38	5	97	44	87	32	37	17	4	45	3	51	87	31	94	46	10	50	44	18	49	6	4	66	91	37	61	85	26	3	32	37	67	50	8	84	66	87	18	97	58	89	73	98	11	11	58	56	83	95	47	22	63	34	99	39	58	32	13	94	98	17	30	79	53	47	74	78	76	8	80	73	70	20	58	39	79	80	39	66	77
95	45	82	5	51	23	58	25	18	90	50	80	38	92	35	22	38	87	83	39	21	96	66	83	99	34	91	24	4	82	78	13	51	91	92	39	89	85	17	67	84	60	69	15	54	56	70	6	92	96	11	81	27	57	27	89	64	8	31	42	51	41	89	68	68	37	7	99	53	2	62	36	9	78	73	9	73	22	43	48	64	47	93	96	65	60	52	70	3	62	79	42	57	83	70	39	100	92	8	30	67	75	96	51	80	62	97	70	74	1	76	94	35	68	91	50	48	26	26	65	78	30	75	56	48	84	34	90	47	38	52	52	59	78	85	49	47	100	24	53	79	55	18	1	82	74	8	24	61	42	41	79	76	44	18	4	52	19	22	19	25	68	34	3	7	29	56	13	65	79	1	86	43	68	68	31	96	31	96	12	56	76	55	56	86	42	85	62	10	23	26	29	64	25	8	7	49	14	27	25	13	77	80	15	4	40	92	43	3	4	86	4	89	88	2	12	46	51	99	78	10	66	58	24	13	48	10	70	17	84	74	42	13	57	8	14	16	14	90	65	93	68	95	18	35	55	9	94	56	59	46	24	94	70	78	94	3	42	11	34	20	82	58	88	20	95	68	66	20	57	77	31	46	31	23	78	1	8	100	2	100	29	20	97	26	80	57	1	13	6	64	62	8	19	20	1	50	61	22	10	20	11	47	44	29	15	26	82	82	30	58	9	39	79	98	76	20	43	22	37	92	64	5	14	23	5	85	2	77	92	60	72	61	43	60	49	71	53	42	7	69	68	66	35	24	5	2	23	29	47
76	51	13	58	15	58	7	47	23	47	97	25	76	73	48	22	42	77	58	90	70	23	86	97	85	45	21	78	61	99	67	57	69	49	16	24	98	63	59	80	60	84	1	44	32	30	57	76	86	88	68	65	73	67	52	58	47	16	29	6	17	38	23	74	100	12	21	22	43	97	8	94	20	67	77	52	89	56	48	55	59	48	6	20	35	85	36	93	29	48	34	76	30	64	30	37	93	32	62	40	66	67	97	59	25	51	81	35	82	53	87	7	88	69	3	67	77	40	45	65	19	30	59	89	22	89	10	65	10	73	5	90	18	42	32	20	93	14	60	6	99	76	73	75	14	97	20	44	20	22	60	95	12	8	82	53	47	25	75	78	51	78	10	27	53	76	54	96	35	89	96	56	25	65	23	34	44	3	22	24	53	2	35	45	87	47	47	82	23	70	68	33	60	79	70	12	68	24	49	15	27	78	26	32	24	97	49	61	86	60	32	91	31	18	65	54	24	81	38	9	21	2	47	42	31	27	30	76	55	72	88	91	1	69	21	9	80	57	8	64	6	44	66	3	16	7	50	42	86	16	68	54	74	92	5	76	89	90	70	91	7	10	15	39	72	42	27	69	16	1	78	31	80	65	19	2	42	85	55	32	41	88	50	5	44	26	97	9	69	54	39	10	64	61	80	1	84	14	35	2	97	92	87	8	15	62	82	74	62	52	31	12	75	18	50	4	78	6	36	52	51	11	62	79	93	4	78	14	19	19	29	78	95	67	77	96	56	92	52	71	56	40	23	44	1	44	54	69	48	21
6	85	92	59	3	61	37	96	89	43	22	48	39	64	60	90	43	55	15	2	96	56	11	88	14	100	96	86	94	24	24	30	49	20	65	30	63	76	59	61	52	53	87	64	28	59	48	82	55	57	6	12	27	47	57	96	5	30	4	84	65	79	45	63	59	66	49	98	1	55	92	81	10	69	7	33	100	20	100	76	49	96	61	32	80	65	65	4	16	43	15	82	21	100	47	42	65	54	37	65	93	42	79	21	79	42	51	83	16	87	78	70	1	50	15	77	88	82	39	28	45	11	17	85	73	84	1	20	41	36	91	29	79	67	73	22	52	52	17	28	53	33	27	12	16	4	62	99	39	35	98	41	49	76	89	67	47	75	57	43	96	45	25	90	1	91	83	52	73	49	39	26	67	75	6	21	53	94	47	43	54	39	18	76	31	37	78	39	67	10	57	83	3	46	46	15	47	67	75	21	34	35	100	62	48	75	38	34	12	86	52	38	44	23	54	79	1	39	40	24	23	100	78	13	1	11	1	24	20	71	73	2	54	14	6	46	51	99	24	60	5	89	19	45	47	75	8	75	46	79	61	61	76	4	37	24	90	96	74	29	82	94	23	40	77	47	36	30	77	64	98	32	39	100	66	14	75	76	52	79	38	29	48	22	61	40	25	11	63	17	93	85	48	42	31	95	55	6	16	21	28	42	56	76	56	42	23	100	8	55	69	18	43	81	44	78	82	75	80	94	27	66	30	57	37	90	37	18	83	92	11	63	57	36	86	14	19	88	3	20	65	6	14	55	62	79	23	39	60	68
67	36	31	3	71	28	34	76	73	9	57	32	89	64	20	93	37	94	91	34	7	71	74	17	66	50	82	69	91	99	94	95	53	30	44	35	89	40	51	47	64	34	83	6	63	38	78	16	80	21	53	92	13	14	53	39	23	69	80	86	41	5	90	20	47	4	97	43	94	66	85	19	93	36	44	15	76	70	65	18	61	76	59	84	98	72	38	62	76	43	39	84	81	46	23	52	32	40	100	86	78	18	43	24	11	22	71	61	17	48	23	87	81	88	12	23	93	31	74	80	64	49	74	55	42	81	34	97	67	25	20	32	19	9	85	45	7	19	41	77	33	43	99	79	87	12	24	50	14	14	82	91	51	20	37	28	2	18	20	46	72	42	100	98	84	77	88	60	15	80	79	51	100	23	35	36	81	73	59	98	94	34	82	5	87	93	81	97	56	2	12	95	93	77	86	93	83	42	84	64	78	70	87	25	73	61	85	89	21	63	50	50	36	84	42	21	84	69	51	45	12	79	86	82	62	37	51	68	25	28	58	51	8	53	93	48	96	18	10	87	17	70	52	18	76	7	86	59	97	79	9	68	93	16	52	41	20	86	89	18	43	53	84	12	12	90	89	31	74	8	24	1	30	37	30	83	34	36	93	91	38	99	7	5	23	2	18	67	9	62	55	35	76	40	44	33	82	33	43	13	39	14	33	81	82	57	83	41	5	84	26	18	52	49	3	90	18	18	1	13	65	72	31	74	4	5	11	75	30	69	45	1	97	15	49	29	93	96	26	31	54	88	26	61	28	68	79	14	11	57
57	15	27	28	89	1	93	79	61	55	97	75	70	57	40	34	13	87	51	40	75	75	76	51	19	57	27	23	74	9	11	55	10	37	61	55	71	24	34	33	38	56	95	47	88	35	56	70	18	98	76	37	65	18	43	18	22	19	37	16	59	63	66	35	43	75	62	45	13	84	79	47	37	45	71	10	45	31	5	5	85	23	54	44	43	37	91	49	78	66	61	16	61	94	57	28	54	99	41	64	24	78	1	96	81	14	7	60	60	91	89	45	17	99	1	41	88	89	16	91	70	14	15	25	73	86	77	14	10	54	44	49	24	11	1	75	35	4	91	64	15	83	11	79	16	28	83	89	25	22	16	80	41	91	18	14	90	55	75	20	71	66	15	6	33	100	28	55	72	35	16	5	1	86	91	30	6	62	64	20	30	26	73	73	36	33	12	18	74	1	73	67	67	43	24	5	10	68	18	9	19	64	27	24	39	52	63	66	94	92	72	23	76	78	95	84	32	89	94	70	83	72	62	64	11	31	6	4	34	53	86	92	98	94	6	39	1	26	16	94	42	76	54	54	77	17	85	30	75	54	61	46	28	68	14	84	28	35	41	41	37	21	1	30	45	93	31	72	23	15	88	18	46	30	88	1	86	75	42	1	37	45	83	39	91	35	94	49	40	65	64	56	53	56	89	4	46	19	2	84	12	97	36	10	67	49	23	86	54	58	41	9	53	59	4	53	21	19	17	40	9	4	58	48	92	46	47	71	43	96	97	38	62	27	18	13	96	51	9	73	14	88	60	91	6	91	79	94	77	93
27	91	91	76	88	51	57	79	64	41	74	38	93	31	70	89	79	70	52	72	87	18	81	2	90	65	8	27	63	13	92	22	5	14	7	82	10	12	21	74	84	33	69	16	39	57	55	65	41	5	49	39	63	5	78	99	38	50	44	81	78	22	64	5	26	79	56	91	2	18	83	38	11	4	21	41	98	42	79	81	39	84	3	87	76	3	74	9	88	24	33	74	79	28	17	98	57	34	5	53	15	59	68	3	83	57	79	29	97	27	97	61	56	96	72	26	84	44	90	99	45	69	31	36	81	21	47	57	55	84	50	18	17	42	73	42	4	80	100	22	76	76	28	60	17	18	97	25	98	24	38	50	15	79	77	5	64	28	88	30	82	36	49	56	65	36	63	35	85	13	12	61	37	46	95	62	55	35	41	35	14	16	47	81	52	22	96	52	14	89	8	31	76	40	62	85	59	70	88	36	68	79	58	74	83	7	60	88	36	1	40	63	4	23	41	29	1	49	66	61	53	92	66	65	38	57	40	66	50	20	80	15	54	88	13	32	45	43	41	25	12	96	91	3	70	71	44	43	97	50	74	12	75	81	91	89	83	65	53	92	7	48	22	58	54	88	72	66	14	50	77	30	85	5	9	78	35	79	94	100	10	89	54	22	10	98	77	58	53	38	59	6	24	29	45	21	36	14	96	29	13	73	45	44	82	77	2	18	2	41	77	71	84	34	93	15	50	74	64	38	31	35	4	44	21	47	69	96	22	75	12	57	96	3	10	16	22	58	87	66	7	16	72	24	82	1	10	6	87	94
64	37	30	13	99	43	39	26	27	85	95	43	53	7	90	44	80	89	51	83	10	72	83	65	89	74	63	65	81	15	15	92	89	39	18	52	9	26	83	68	53	34	33	88	8	77	73	32	98	100	84	30	88	88	79	68	18	67	45	7	67	25	2	79	83	84	92	59	68	68	69	96	10	5	76	95	61	84	13	95	90	85	5	44	98	100	28	95	83	82	89	17	20	28	46	26	35	51	46	25	84	88	56	72	86	36	11	16	54	19	72	5	70	82	89	65	51	19	71	19	76	41	36	99	58	41	31	35	13	18	60	99	44	14	100	40	85	50	63	17	60	92	58	58	39	75	84	65	69	70	95	100	14	34	90	27	78	100	12	50	7	75	23	78	97	6	35	8	76	16	19	36	47	52	71	26	22	62	5	65	41	78	10	66	4	15	38	96	96	90	36	30	11	13	13	65	93	70	89	91	81	5	41	8	70	54	58	75	38	21	95	36	45	39	16	16	47	41	7	33	71	39	24	55	55	10	73	73	20	91	81	74	2	50	5	82	60	63	53	12	11	38	60	48	57	51	91	62	97	84	45	41	77	30	6	41	94	42	48	89	87	98	52	63	72	7	30	60	98	68	36	76	53	68	99	19	32	71	89	25	87	41	16	19	23	76	68	17	80	77	92	77	3	41	2	36	39	29	23	94	87	37	28	23	66	35	98	90	39	13	58	89	58	38	19	33	76	31	74	77	1	83	20	84	15	57	30	46	30	57	46	81	32	72	97	12	78	50	33	33	94	57	17	94	19	97	70	99	46	36
47	58	21	51	27	80	71	50	73	86	69	35	46	63	57	6	92	19	16	73	1	75	27	53	21	90	10	22	59	100	64	75	51	41	71	35	86	31	1	7	63	32	22	69	69	92	9	60	34	52	18	54	79	85	99	88	90	6	19	56	13	36	46	4	11	93	88	18	64	16	10	36	55	54	13	21	75	30	5	45	13	75	9	15	93	95	95	52	5	74	61	24	70	68	58	98	50	15	64	93	95	36	32	98	85	56	31	18	11	74	66	3	92	31	53	28	48	93	59	52	5	79	77	69	95	73	21	53	47	82	62	64	35	74	80	44	34	28	96	26	80	8	31	28	81	13	4	22	22	41	21	69	81	97	90	90	38	16	8	90	73	10	18	24	23	4	66	57	33	79	54	22	74	29	67	44	45	22	53	39	26	77	9	19	3	7	42	62	25	26	47	33	60	74	31	69	58	45	74	45	90	40	100	56	37	58	7	1	27	85	52	90	2	85	78	90	30	4	18	63	36	89	67	51	14	31	31	70	8	19	67	32	83	23	44	88	78	59	77	3	54	2	84	20	96	85	54	19	44	86	25	98	6	91	95	73	69	99	91	22	87	30	51	30	3	92	41	79	36	23	29	54	45	56	98	99	84	71	29	97	8	39	42	79	44	2	29	3	20	21	72	13	48	86	64	45	66	86	84	35	78	45	84	48	29	23	53	22	43	67	76	14	94	74	46	95	90	68	100	28	25	61	70	69	95	94	69	50	2	87	92	38	91	98	94	13	100	40	22	79	1	91	12	36	34	30	19	36	13	18
8	15	16	63	16	14	88	5	31	65	23	8	16	18	67	91	92	76	91	5	11	5	54	82	77	35	84	98	96	22	56	18	90	67	34	18	47	20	7	83	31	51	34	71	82	88	78	72	49	45	93	79	76	63	40	28	13	47	8	73	38	37	47	10	37	36	63	29	18	37	85	37	56	35	77	66	15	15	82	76	91	35	12	83	65	68	62	9	93	19	45	7	46	31	12	14	54	4	86	10	85	52	20	84	14	72	94	30	78	10	41	70	63	76	50	99	91	44	8	1	17	91	75	16	77	24	1	64	24	48	51	84	57	31	49	62	32	48	100	1	12	67	20	52	29	55	7	62	14	79	53	86	7	25	77	76	26	42	13	73	44	72	56	56	77	68	34	95	66	57	56	85	29	87	63	17	11	92	42	15	93	47	47	95	15	12	38	84	25	61	87	53	63	29	75	8	16	31	19	41	19	36	81	75	65	87	98	23	78	79	74	72	56	65	13	18	89	98	19	81	78	40	56	45	69	85	13	26	96	100	15	8	16	33	69	14	71	98	83	59	35	93	21	74	60	1	23	31	42	35	42	37	80	62	75	65	31	69	75	20	73	72	100	70	52	97	78	50	80	58	16	96	44	2	84	50	21	99	34	31	82	39	21	82	3	53	100	39	91	1	56	49	80	66	27	64	12	71	46	56	23	71	15	1	35	55	43	65	52	88	100	38	7	85	62	99	88	91	9	99	21	49	7	99	34	63	10	12	36	33	62	81	15	67	1	84	40	35	55	3	61	95	10	37	69	30	84	24	96	95
81	23	43	8	21	46	82	20	48	51	21	74	69	72	77	17	92	54	92	46	43	93	28	91	18	64	66	95	32	31	70	3	15	76	80	18	20	76	46	64	73	75	71	65	70	28	83	96	41	82	95	62	54	93	66	22	59	99	89	29	90	53	34	47	91	73	97	49	100	23	58	73	27	74	74	58	7	26	26	90	96	45	6	62	70	44	40	4	34	45	5	37	18	11	55	39	90	7	99	28	53	6	10	38	5	94	95	71	5	44	85	43	77	72	57	12	67	10	12	29	3	55	33	42	70	43	75	26	95	74	5	63	36	63	91	28	3	74	80	29	14	25	36	93	98	68	16	75	52	25	54	74	17	50	1	57	34	75	45	3	74	66	85	2	42	48	19	16	38	42	97	45	52	67	52	73	24	100	91	94	58	81	6	17	60	56	58	78	3	64	51	3	10	68	63	5	93	15	39	62	100	100	12	65	69	42	25	57	50	25	50	28	7	87	87	91	40	41	14	11	50	93	78	99	6	43	32	21	54	8	71	92	12	99	92	18	7	85	15	61	49	82	80	65	35	37	20	31	68	17	64	66	49	38	69	72	37	80	49	42	66	96	83	94	86	63	10	61	72	51	27	56	8	12	43	78	78	75	46	75	94	83	17	98	11	61	21	20	73	46	14	49	84	16	1	71	49	2	9	88	5	92	84	37	100	39	55	90	88	41	36	81	87	10	46	85	70	53	38	34	26	84	20	7	85	52	18	38	61	72	80	14	61	66	17	28	77	47	32	21	64	4	43	60	69	96	27	25	97	10
39	98	3	63	79	31	65	96	99	61	93	89	55	61	87	72	25	89	52	40	19	53	38	74	1	7	89	51	100	14	87	99	79	93	70	6	1	41	79	30	66	56	68	15	77	5	85	73	95	14	73	69	94	20	79	63	66	78	71	72	9	86	20	70	67	3	36	58	70	98	23	75	83	33	87	39	94	85	41	65	66	64	55	81	5	92	6	36	94	76	60	18	81	82	60	35	67	85	76	6	75	77	24	94	79	34	40	8	56	64	67	42	83	57	27	18	91	14	98	44	83	2	36	28	83	20	59	52	91	88	22	96	63	32	93	78	39	64	74	37	12	71	76	74	86	40	7	42	53	73	76	76	47	100	87	36	82	97	17	79	62	23	13	33	59	39	78	87	49	80	54	2	38	96	5	42	11	53	36	52	19	93	14	53	83	95	27	40	87	19	2	81	22	31	79	60	23	9	60	7	46	38	1	57	60	82	32	57	20	83	55	34	18	86	65	3	82	54	19	46	100	24	11	71	60	80	83	51	21	21	94	11	6	85	59	70	95	64	35	26	22	18	61	31	48	34	40	63	67	97	49	53	28	96	20	7	97	21	36	98	15	98	91	30	68	93	80	34	33	75	50	55	79	74	28	62	87	99	57	77	42	68	100	28	22	98	43	15	76	37	91	57	11	89	82	28	47	21	14	98	51	43	58	58	62	81	49	81	75	72	65	58	19	29	13	31	55	13	71	24	2	98	37	24	91	61	76	48	54	74	58	86	18	39	78	74	33	24	70	41	16	18	43	83	38	93	8	22	17	69
33	74	82	68	32	87	65	49	93	22	24	79	91	33	51	47	45	13	35	34	18	73	60	59	44	99	84	92	28	89	36	100	22	85	64	87	59	96	90	51	63	21	8	88	68	28	10	28	98	6	78	96	7	2	73	70	67	75	9	95	80	68	62	72	92	90	69	68	76	47	37	65	5	19	19	46	37	1	5	18	17	81	24	50	15	8	46	49	87	99	94	41	16	68	49	86	89	99	96	14	12	88	16	10	6	80	85	9	87	16	99	39	52	68	77	41	57	33	78	3	2	98	90	72	34	88	59	1	10	20	54	76	33	16	26	48	32	12	3	23	31	44	7	38	62	40	5	4	78	82	26	76	51	43	27	34	31	94	82	22	8	81	32	97	44	16	85	66	80	1	24	50	80	56	4	9	18	49	13	18	8	39	80	90	53	92	91	49	21	56	74	67	56	57	81	86	34	56	96	17	61	88	46	17	50	91	61	24	17	100	96	15	53	60	1	67	68	88	73	14	86	94	80	62	83	54	95	14	47	39	38	31	88	12	47	100	15	79	7	94	54	87	43	9	15	3	29	20	59	58	41	37	85	17	32	1	79	19	32	49	44	31	45	37	27	25	69	24	94	81	68	75	96	23	2	18	69	23	57	40	6	70	38	61	76	74	98	18	59	91	65	2	35	75	30	42	49	18	95	39	5	88	90	15	84	11	19	61	3	95	50	72	35	20	100	95	80	22	78	71	83	27	44	42	43	11	24	71	72	77	93	57	11	20	47	83	75	39	53	45	52	69	54	58	76	94	83	2	35	37
100	42	100	42	36	4	62	44	93	40	49	36	57	95	16	99	42	78	72	7	15	65	73	24	68	43	67	58	30	89	14	61	84	58	92	48	55	42	33	90	71	77	52	98	72	78	91	59	5	23	7	56	46	20	94	61	71	55	56	36	55	13	72	32	13	11	74	22	50	95	32	68	44	51	50	81	14	32	21	49	59	96	35	97	12	57	19	83	4	70	9	15	92	71	12	57	9	50	62	96	21	51	12	53	44	9	12	87	67	19	14	78	44	43	97	2	26	54	94	59	57	42	65	9	55	1	17	42	8	5	49	17	68	60	8	14	97	64	81	25	2	66	62	10	83	31	47	36	81	58	32	9	78	16	37	76	12	30	27	69	80	75	56	36	44	59	60	92	23	88	83	92	68	34	8	27	35	63	78	23	74	24	86	63	43	100	33	96	55	77	23	32	25	86	75	21	41	18	60	50	4	66	92	80	24	14	97	73	1	44	91	66	6	70	46	51	3	27	38	82	78	52	11	85	73	5	49	75	18	74	37	79	92	42	10	59	75	18	63	76	94	82	90	23	78	36	70	75	1	91	93	92	65	77	36	5	22	8	75	9	39	13	39	9	46	58	29	61	33	12	46	38	39	64	91	2	65	73	29	4	12	10	98	85	69	46	53	82	50	60	32	55	77	55	45	79	75	70	40	54	76	31	8	12	2	58	78	98	4	93	80	68	22	49	7	1	74	69	2	36	18	17	16	82	76	51	5	69	95	40	79	79	40	8	71	64	22	83	96	22	14	57	12	99	30	60	31	33	51	26
11	60	28	1	36	96	96	13	3	26	30	44	61	4	85	99	74	64	75	66	86	88	24	72	44	80	47	36	9	71	12	64	56	64	96	83	99	49	13	66	49	45	98	9	33	16	24	82	91	34	69	15	65	67	97	5	78	38	13	3	10	84	5	18	63	51	18	93	22	9	98	81	46	97	18	13	11	90	28	67	2	75	28	29	58	91	14	41	79	82	12	96	30	31	42	92	57	63	5	51	67	83	5	3	21	58	34	13	26	2	37	72	6	88	50	22	79	45	71	82	16	16	82	44	66	82	8	40	10	8	63	89	69	72	43	4	73	10	47	39	37	15	17	10	46	95	14	97	47	46	17	24	62	79	59	87	90	96	75	2	25	60	9	82	23	81	8	66	3	66	99	90	29	37	15	54	68	33	41	63	69	90	96	25	4	70	70	61	55	86	82	23	87	4	22	33	61	43	77	85	3	77	16	70	48	3	41	84	45	6	48	25	32	93	46	27	94	93	62	24	39	59	19	15	50	91	68	38	16	23	28	81	34	27	65	23	52	70	15	79	20	17	76	5	22	56	77	49	80	72	60	25	83	11	88	17	23	1	55	50	38	79	11	69	9	1	76	7	77	13	98	40	84	30	28	94	86	5	65	76	26	86	6	78	24	22	92	78	75	29	26	53	25	74	37	87	39	38	60	68	5	57	58	68	35	61	79	69	67	89	71	5	36	80	42	87	64	73	37	37	53	75	70	64	71	16	26	4	15	95	3	17	68	95	39	82	27	47	33	95	90	50	42	76	49	83	59	86	49	70
17	34	38	51	54	81	41	85	33	23	47	12	17	39	52	86	50	92	61	10	47	14	31	91	25	83	43	50	52	43	21	93	67	35	89	11	44	95	96	15	96	52	21	26	11	42	13	76	20	38	90	25	3	87	98	75	85	25	34	100	28	11	31	65	16	23	52	88	33	16	78	65	56	37	50	27	56	77	96	13	44	16	11	86	69	80	2	44	17	49	82	12	82	4	8	94	77	99	65	95	5	3	46	24	11	63	91	50	81	34	3	70	30	50	13	71	33	97	51	58	21	26	80	75	89	65	88	67	13	19	72	5	14	36	88	95	16	71	65	3	15	26	5	42	24	46	19	93	19	11	11	52	29	1	26	85	55	27	14	31	9	10	61	91	89	28	52	61	43	98	11	93	27	30	2	89	53	73	92	59	91	22	33	79	7	42	42	14	24	98	26	81	66	68	72	62	99	86	63	86	54	75	19	97	80	92	93	50	72	20	89	62	75	7	35	15	33	47	100	44	91	20	15	45	64	13	59	12	78	16	46	41	32	71	25	1	62	54	19	38	83	35	58	70	65	29	97	43	56	52	96	98	82	49	25	51	51	43	47	67	32	6	76	49	26	54	8	6	60	9	32	19	55	17	51	55	27	55	55	45	47	93	52	58	27	94	22	5	8	21	77	94	88	82	86	38	80	67	81	77	73	41	46	61	40	28	10	66	48	57	69	61	96	41	42	88	38	42	86	68	43	46	54	96	29	19	87	28	37	39	94	90	1	93	66	13	6	35	44	59	9	88	5	45	49	21	74	28	25	67
78	53	90	90	36	52	66	23	100	17	92	73	79	15	5	90	94	75	49	96	49	83	48	18	98	29	14	13	2	39	30	80	82	53	60	20	90	68	66	1	76	38	45	69	64	34	63	10	62	90	90	81	18	100	87	10	19	100	17	81	95	56	65	58	18	79	12	71	69	44	45	89	24	14	91	81	22	59	51	31	73	2	22	8	22	63	67	90	60	92	86	52	88	49	74	49	80	36	64	29	40	4	95	86	35	46	92	72	67	8	83	99	27	20	74	86	53	9	59	80	22	38	86	37	57	11	5	98	60	21	58	40	52	39	66	23	18	34	36	25	26	16	56	85	57	72	31	23	21	36	61	51	36	18	78	1	19	76	62	34	1	80	80	89	43	36	10	28	16	89	27	96	67	83	7	15	54	75	74	41	87	16	60	97	5	36	66	50	87	27	95	26	80	8	70	58	61	13	86	75	22	96	1	37	77	6	42	84	10	70	89	51	5	3	95	68	89	48	22	92	82	32	33	39	90	77	9	28	32	34	17	62	91	44	35	71	55	66	26	60	18	50	13	87	38	52	70	58	7	10	5	15	42	84	8	38	68	40	14	70	15	32	31	14	59	4	63	29	73	69	64	64	76	6	57	76	61	55	29	77	25	26	66	22	56	81	58	85	85	59	56	68	3	50	58	30	1	69	4	37	74	95	59	95	39	4	41	91	89	12	38	61	32	31	72	19	96	6	60	3	6	58	74	35	72	67	88	54	62	93	88	84	48	93	1	65	66	24	90	18	39	94	51	71	73	47	30	32	36	54
23	80	84	7	68	100	6	30	81	47	24	23	36	9	9	86	81	85	17	79	89	84	1	18	36	54	99	22	13	38	71	81	2	39	83	7	11	91	93	62	64	36	74	57	43	89	56	88	100	44	56	4	44	91	98	20	84	67	80	72	78	77	64	28	40	81	89	84	74	13	45	66	91	25	19	54	59	79	72	63	44	44	33	91	4	96	94	95	78	5	14	20	12	25	26	23	87	97	65	94	31	41	26	19	54	60	4	91	91	78	53	78	44	56	25	7	73	11	59	84	28	35	89	72	100	9	66	22	60	86	53	82	82	66	77	12	69	28	39	2	11	1	97	82	66	30	79	38	92	87	7	76	63	93	82	39	5	73	87	17	34	91	34	29	7	43	54	17	30	29	12	65	89	45	74	60	84	49	29	7	79	52	86	41	81	42	45	63	45	14	40	45	75	76	69	29	49	50	62	12	90	49	1	79	26	1	13	32	73	40	97	27	73	24	64	61	26	41	52	90	43	44	23	3	86	34	70	47	22	35	69	29	63	99	15	63	99	65	98	80	64	96	53	24	52	68	57	54	67	61	67	71	69	46	3	42	78	26	90	13	56	82	17	88	56	78	78	36	62	51	84	48	88	78	58	99	20	11	57	50	17	64	2	18	56	1	13	23	62	7	38	95	10	98	19	60	72	46	47	40	58	19	65	89	96	39	99	73	82	88	63	77	53	68	29	33	76	43	81	43	34	24	79	59	90	5	46	89	91	20	77	26	9	2	30	31	27	9	78	20	29	42	5	12	89	10	89	65	24	93
16	75	91	41	20	11	43	11	42	70	46	77	82	8	15	70	77	37	16	75	73	96	46	92	37	66	10	43	8	97	34	98	6	13	54	29	96	74	19	91	83	34	68	85	29	9	58	26	13	74	79	95	2	12	78	20	77	94	71	22	65	2	53	70	98	82	37	10	20	5	81	17	8	1	6	37	73	5	37	30	24	79	18	68	7	47	62	3	73	60	82	1	88	69	73	85	57	45	38	35	67	39	70	87	28	60	16	23	20	81	25	72	21	11	61	81	64	86	99	73	11	60	3	50	88	69	46	45	7	14	27	65	12	16	48	7	32	8	6	54	58	39	89	71	34	37	96	74	55	18	51	77	55	14	37	51	13	18	76	31	47	95	95	12	10	42	6	88	83	100	69	55	49	13	41	34	96	86	5	66	95	37	49	100	20	68	35	75	42	34	43	19	94	13	35	17	16	26	47	1	31	22	46	22	11	13	2	20	77	98	12	96	48	30	8	41	31	34	67	95	23	64	65	26	71	46	97	32	38	8	69	88	65	91	44	67	8	69	68	54	53	16	88	94	61	61	19	8	41	23	49	16	59	53	23	75	65	97	4	94	84	6	36	71	59	36	84	35	48	19	11	88	14	32	15	33	45	63	38	10	4	69	82	86	16	23	90	85	91	9	44	76	18	16	81	42	48	43	71	55	67	95	67	13	17	50	91	80	9	49	21	10	68	56	98	63	31	96	55	1	88	30	92	91	1	19	40	52	47	56	70	60	10	65	2	84	47	51	20	37	91	63	95	27	99	11	20	71	15	88
27	29	83	61	6	62	82	71	72	46	39	1	21	49	86	22	7	12	25	75	18	89	70	96	52	57	49	26	1	16	35	36	83	64	47	40	73	1	3	93	83	26	62	8	68	35	14	80	39	82	5	41	84	91	44	96	91	46	77	68	96	84	59	48	91	43	58	2	7	37	12	83	87	62	84	78	7	97	91	96	39	9	56	19	15	2	97	80	39	26	58	81	51	92	1	56	66	52	52	60	88	83	28	25	20	69	52	67	69	52	90	31	77	10	87	69	3	13	79	42	94	53	51	6	61	43	55	54	28	6	85	81	3	85	69	1	55	22	22	97	67	49	100	19	65	31	8	65	47	65	7	22	81	73	66	81	51	57	38	76	93	27	32	55	68	85	24	95	20	18	73	68	97	94	10	4	59	32	82	72	41	30	27	42	2	97	97	56	71	94	39	22	59	49	73	95	73	8	27	63	24	35	79	91	61	78	19	79	83	33	36	92	56	68	75	46	47	38	84	18	97	20	3	100	43	10	89	100	34	38	1	54	16	15	54	63	97	22	75	78	30	58	34	18	99	44	82	39	59	47	44	14	42	97	78	51	97	86	36	32	88	44	76	44	8	50	16	26	53	3	15	13	70	98	26	13	75	57	90	16	56	79	91	67	78	11	66	72	63	21	70	3	44	66	23	100	69	62	25	7	71	55	76	54	36	32	12	82	7	22	49	64	77	47	57	32	42	49	49	12	24	24	78	48	27	59	79	100	63	57	16	65	66	13	99	83	54	31	63	10	13	83	73	12	39	46	55	81	56	44
95	71	20	60	5	4	4	2	50	70	57	54	41	87	40	77	30	29	75	22	76	73	76	63	24	100	41	51	53	79	55	35	9	21	99	23	32	70	79	32	3	86	56	26	14	30	73	21	56	35	42	52	68	99	83	9	2	62	47	71	17	85	95	34	96	10	55	92	86	76	88	90	55	13	67	62	27	49	32	36	98	6	37	59	18	41	59	63	28	29	55	29	78	18	35	37	72	31	64	100	19	80	60	40	25	20	37	60	96	42	88	35	65	20	91	62	25	46	77	7	91	87	88	48	9	87	31	25	36	74	91	28	18	60	16	21	70	14	90	9	94	61	16	11	85	39	66	45	74	46	53	75	4	25	8	56	41	7	33	80	31	43	86	8	23	67	88	40	70	58	20	21	9	95	20	92	85	58	94	19	74	31	6	49	38	72	74	73	72	17	38	36	35	31	77	4	54	42	76	19	29	96	5	23	71	45	50	76	94	22	92	10	52	5	62	63	16	47	41	45	58	41	4	39	63	37	20	43	74	6	13	73	69	7	11	48	5	52	14	3	1	67	97	73	24	49	59	53	81	5	94	81	37	82	41	55	46	91	47	79	87	26	89	39	59	15	18	4	51	83	82	89	40	86	81	96	77	73	80	47	71	69	41	90	100	3	33	61	23	50	7	25	89	3	77	17	20	73	25	19	64	83	33	13	47	68	83	33	4	38	25	58	66	46	95	9	64	88	72	67	48	34	18	75	36	93	61	29	81	77	91	12	33	54	8	26	55	94	12	8	70	22	39	56	35	82	48	100	11	62
