50 150 0.8 0.2
2016
1599
1351
1877
1487
1407
950
1584
2380
915
1340
897
1213
918
2368
1275
1744
869
2128
1339
1849
1311
1448
2048
1822
1235
2211
1967
909
1100
2434
962
1980
1848
1759
1227
2152
1086
1971
1641
2418
2339
920
1376
918
2159
2475
1498
2453
1663
1494
1551
2093
1672
862
2296
2386
865
1071
1166
1911
2149
878
1552
1160
2325
1407
2338
2350
1407
888
871
1168
1652
1990
1097
1421
1208
1332
1655
1444
1239
925
2333
1565
2090
1512
1944
1784
2024
1484
1612
2435
1002
2044
2120
2411
1716
2056
1310
1770
1430
2321
962
1638
1610
1497
2399
2286
2037
958
1731
1724
1194
1482
1423
1108
1570
1366
1110
2211
1061
2399
974
1177
1588
1379
1102
2099
969
1770
2084
1926
1380
1215
899
1433
862
2388
1503
2090
1296
1169
1939
1588
1691
2275
1650
834
2024

3 26 72 93 35 13 62 79 18 78 81 14 58 69 27 54 96 40 80 33 82 95 48 49 64 65 91 34 80 39 8 12 76 76 12 18 31 52 50 22 75 38 80 77 50 47 49 11 16 68 9 55 92 44 95 69 47 77 49 96 69 77 40 93 34 63 17 67 35 13 22 81 97 6 86 36 55 24 43 99 74 48 50 71 55 34 44 82 99 3 68 64 66 18 69 91 19 81 85 50 99 3 10 82 62 79 77 57 2 66 87 76 2 21 76 7 7 47 23 37 80 51 94 28 38 79 18 5 68 70 37 27 95 2 44 68 29 40 23 56 66 28 51 64 89 41 52 59 45 11
31 80 94 48 88 16 65 72 97 75 34 51 37 99 44 39 67 92 90 88 100 71 26 75 31 44 97 51 57 67 59 99 32 68 33 65 47 65 38 93 28 83 5 43 22 49 11 54 39 90 81 60 5 39 66 1 96 48 49 31 16 4 72 72 29 33 7 14 87 75 26 56 53 39 75 63 18 53 64 59 41 21 36 69 27 93 72 33 35 3 71 43 52 41 35 66 19 55 97 55 72 91 39 36 90 83 56 47 14 63 50 73 23 49 32 86 90 63 77 73 18 96 75 98 7 85 88 53 39 7 28 18 64 44 39 7 70 17 78 13 61 94 93 32 15 46 40 66 96 11
51 95 61 71 48 44 33 91 18 45 3 94 92 95 49 45 46 24 90 41 100 96 44 56 88 79 60 35 22 95 38 12 55 57 22 23 5 44 16 78 14 97 63 2 13 61 17 96 6 92 62 50 92 50 39 69 28 23 49 38 78 88 64 7 21 72 51 51 45 76 81 95 15 37 56 64 9 40 65 85 2 48 56 56 81 71 41 67 64 22 36 14 45 52 96 67 59 65 93 68 23 38 62 46 37 88 64 58 63 78 87 50 81 4 15 84 18 17 4 87 36 59 2 40 78 96 50 53 26 49 87 90 98 57 60 69 69 80 38 48 51 54 20 61 99 74 9 9 11 25
65 80 95 43 6 67 55 16 67 12 35 90 97 46 92 72 50 8 65 62 81 96 43 37 49 95 92 44 21 47 67 7 45 45 14 30 8 54 87 62 29 2 34 69 73 82 62 19 32 52 89 66 74 61 84 23 1 53 17 1 3 4 35 6 64 89 15 93 17 9 61 22 72 37 51 38 78 65 90 88 77 94 48 1 41 5 80 73 97 63 70 95 97 11 9 94 8 94 64 69 45 32 21 75 88 77 59 84 7 73 27 89 25 3 62 53 32 14 66 87 16 94 93 63 36 52 36 77 98 70 43 10 43 49 27 50 76 100 64 76 14 10 41 23 32 13 9 54 98 71
68 42 72 84 41 79 41 44 40 63 75 71 11 49 70 22 21 13 100 55 99 43 64 79 12 81 84 25 85 85 5 96 48 12 23 64 65 19 2 24 92 60 41 83 44 25 69 74 81 26 31 34 25 48 91 38 17 38 54 64 24 40 62 17 73 99 82 21 68 18 92 61 7 91 10 88 11 42 3 70 87 10 27 53 57 24 28 62 6 91 62 93 10 66 53 40 90 28 86 23 23 29 50 13 72 22 74 48 59 60 89 91 76 33 14 86 43 29 73 69 84 62 21 93 83 4 86 92 96 41 78 15 10 67 26 45 14 34 19 29 61 19 94 33 42 51 88 36 79 51
83 84 40 98 43 39 81 70 1 3 30 48 53 60 19 85 85 78 33 69 8 20 12 44 55 11 71 42 19 63 99 59 35 37 93 80 17 97 47 60 81 6 36 84 58 51 65 96 86 68 80 83 53 43 41 20 14 84 34 6 1 77 95 89 54 19 100 26 57 63 81 76 45 75 94 6 7 66 90 53 66 47 26 67 65 18 31 48 45 41 20 48 89 54 17 21 6 94 28 62 36 32 46 2 79 9 38 19 45 4 65 37 56 45 72 60 45 81 46 86 17 59 67 1 69 95 46 54 74 100 10 50 91 4 77 47 23 59 45 40 39 48 6 55 49 81 47 10 9 2
14 49 6 87 37 43 90 24 82 13 10 29 81 80 23 1 4 86 57 20 48 82 38 81 13 42 13 6 28 45 40 26 90 36 32 18 65 85 96 52 70 93 91 55 22 83 80 30 39 70 55 88 98 7 72 81 43 5 59 15 13 58 75 52 51 15 16 54 60 79 16 70 6 55 85 4 68 29 55 100 21 76 9 2 20 4 65 86 27 56 29 41 72 64 22 60 23 56 24 98 42 20 100 92 87 9 55 94 50 69 42 41 61 58 26 45 17 87 16 48 85 90 46 96 66 72 89 99 82 88 82 50 16 38 41 57 57 81 8 33 11 27 47 84 77 94 19 93 37 59
36 66 66 47 80 36 52 16 42 40 25 21 66 43 77 34 57 76 98 12 58 16 96 41 35 55 52 24 9 21 81 76 86 42 86 48 96 57 41 13 79 86 35 4 95 99 30 37 63 58 6 70 61 42 44 31 18 76 78 17 47 33 66 79 23 32 13 23 16 40 58 2 5 81 100 73 18 96 92 53 94 77 77 75 76 98 45 28 78 59 96 5 18 40 52 41 48 26 20 2 27 13 62 18 32 50 16 23 53 47 62 66 30 53 18 57 75 52 59 44 100 94 19 83 37 47 22 55 92 9 69 15 68 46 11 38 52 58 27 12 43 72 10 31 21 4 51 65 83 1
43 88 18 18 42 53 84 96 9 88 96 89 64 84 75 47 79 81 20 70 70 87 32 26 95 22 34 15 13 55 77 3 41 25 18 8 33 35 53 39 40 1 54 22 68 8 50 84 59 41 38 65 11 16 94 11 78 29 7 65 13 36 71 34 21 72 40 96 25 79 26 77 98 82 85 56 4 76 10 23 79 46 41 12 73 11 66 56 21 83 18 28 82 85 41 60 64 12 56 11 40 81 65 92 44 20 49 86 80 7 78 28 59 19 30 91 8 17 79 57 94 52 83 73 34 3 79 19 35 12 58 6 80 63 82 53 21 80 45 21 77 89 5 82 26 85 26 61 44 55
17 56 69 96 65 37 99 28 90 75 94 52 86 23 39 29 94 89 20 64 4 70 7 73 47 7 92 34 71 80 5 31 12 61 8 35 65 81 32 82 65 56 14 38 53 86 84 27 92 7 6 26 3 31 93 73 41 72 77 79 12 65 1 75 27 61 59 24 33 71 71 66 6 25 53 17 15 6 95 76 89 66 49 46 3 10 94 31 95 4 74 22 40 73 80 47 38 21 24 75 67 19 76 17 11 11 64 5 51 4 24 52 60 43 89 46 38 31 1 55 61 62 81 84 31 62 66 78 52 31 54 18 93 33 77 28 91 95 81 69 17 20 67 17 12 94 48 23 82 51
24 1 9 37 3 14 72 23 53 64 56 36 42 36 63 25 50 44 21 83 28 28 59 9 1 21 93 84 83 79 26 87 24 19 65 52 92 1 87 33 24 49 88 9 26 36 9 78 3 22 4 33 56 78 55 39 40 69 18 40 12 45 65 85 96 2 16 48 48 19 48 17 100 53 29 10 90 81 39 56 24 39 81 73 41 68 68 36 92 89 48 57 29 84 47 75 44 97 76 79 74 71 81 41 52 65 64 63 29 16 3 25 42 44 71 5 25 78 28 44 85 64 75 20 63 53 26 5 81 20 66 53 4 73 95 43 69 85 8 17 11 50 18 56 25 69 86 93 59 82
89 53 44 65 8 51 34 65 36 50 73 83 25 14 96 9 43 1 88 7 82 51 33 91 73 37 55 28 54 52 93 89 43 8 27 64 56 1 51 74 8 59 18 26 74 67 56 88 100 44 70 72 13 71 35 28 29 80 60 69 98 7 88 49 86 1 11 7 34 90 98 88 36 38 75 75 75 26 33 79 67 26 47 52 70 64 67 52 50 34 47 23 80 40 75 52 21 77 95 6 80 59 44 8 96 6 61 32 4 29 25 13 44 73 53 6 10 53 46 18 2 69 40 11 18 52 10 96 33 35 57 100 19 59 45 66 83 58 57 8 44 77 45 55 63 63 27 14 92 60
40 59 78 62 92 23 77 73 31 52 2 99 93 79 30 59 56 52 74 92 10 23 62 9 39 85 26 64 39 39 77 45 88 68 18 17 100 62 69 98 30 50 65 78 51 97 57 85 85 70 35 41 51 82 75 85 96 99 82 80 30 31 98 36 56 28 39 7 65 22 35 93 75 63 17 45 8 41 29 34 92 4 80 74 11 41 25 76 34 47 54 7 56 38 16 99 69 7 39 54 58 10 48 68 70 61 67 81 9 47 53 100 86 26 9 30 8 2 7 85 38 81 49 91 73 94 42 77 13 77 65 64 77 95 93 55 14 42 56 59 21 72 64 82 75 50 58 93 76 6
99 57 79 24 63 13 66 21 92 48 32 7 59 16 47 86 55 70 92 39 55 45 72 68 40 2 83 12 57 74 71 23 95 95 99 31 99 38 98 24 80 58 42 30 45 66 73 13 83 84 95 12 92 41 14 59 93 67 91 92 53 43 7 49 37 78 7 29 55 100 83 64 41 41 63 85 11 47 29 10 63 38 58 30 63 31 61 59 46 48 81 15 78 67 33 41 38 59 95 89 44 6 12 43 4 67 66 30 11 72 48 11 99 82 68 61 63 51 18 85 25 70 67 71 74 38 6 50 92 30 42 74 4 79 75 37 66 83 78 50 78 77 21 51 89 90 41 70 64 84
76 8 55 32 25 63 41 98 74 8 96 84 79 95 77 45 80 23 43 68 61 22 52 31 81 51 87 61 27 88 10 48 36 57 46 52 37 52 17 56 29 41 56 65 27 60 79 18 45 12 58 4 83 24 16 11 4 15 10 35 78 48 81 11 42 93 69 62 67 83 38 26 66 88 100 40 70 25 38 37 85 9 7 87 94 84 13 60 99 81 95 77 97 11 14 86 91 34 9 72 42 96 18 69 100 76 24 62 52 34 31 70 58 15 11 61 61 89 73 29 88 8 84 25 2 87 42 32 28 66 12 14 54 87 63 23 1 3 53 54 4 83 75 59 48 56 12 31 52 44
73 4 59 14 4 54 39 72 5 17 14 68 34 21 22 5 80 64 15 97 46 97 7 64 9 28 94 10 2 46 35 25 27 90 38 53 67 98 69 64 2 39 63 24 49 22 24 67 48 53 33 71 45 12 1 21 65 63 87 77 43 62 45 51 16 12 73 4 43 17 69 76 85 14 94 66 35 73 84 79 32 32 99 67 41 77 25 42 70 11 83 99 61 81 90 33 57 63 32 85 46 64 59 93 91 62 57 38 1 53 86 58 75 75 55 88 40 92 48 80 98 7 94 26 98 6 81 52 17 30 37 87 38 20 66 1 61 78 17 7 77 10 32 45 83 67 82 98 90 95
73 69 53 83 80 79 95 44 45 9 17 64 58 32 19 4 65 47 1 22 16 77 27 98 26 32 74 80 63 78 67 20 73 24 13 55 13 94 50 89 63 20 44 53 33 49 24 62 35 45 44 38 87 98 44 86 55 89 72 91 99 1 57 23 45 83 70 73 25 50 80 61 47 15 24 64 2 24 36 70 3 15 68 22 45 82 60 80 17 31 84 75 7 67 12 24 30 12 95 30 24 51 92 21 98 14 19 8 50 45 47 19 76 22 38 44 53 46 35 23 98 71 12 33 85 35 72 40 24 81 50 82 76 50 61 42 3 82 100 48 71 80 19 50 52 5 97 19 85 26
13 34 64 89 4 6 82 45 51 66 63 36 15 59 71 22 76 69 2 82 6 78 97 88 91 17 72 21 21 73 46 26 89 26 87 37 53 91 1 82 78 82 57 77 86 39 77 61 20 11 37 46 73 65 73 81 86 17 93 79 8 40 50 56 4 25 45 100 47 53 69 54 61 89 36 70 1 87 54 68 39 65 15 11 66 20 33 97 97 87 1 94 18 11 36 82 15 14 29 68 1 16 89 83 49 87 39 98 38 92 12 69 44 9 70 52 70 9 40 86 96 54 18 3 4 54 79 37 79 75 50 68 36 81 39 21 6 13 94 34 15 67 16 66 48 50 88 99 64 90
94 94 14 80 93 97 75 65 91 62 82 68 61 82 43 15 36 35 34 2 46 3 2 79 91 58 50 58 76 49 77 70 72 30 64 64 65 78 35 56 85 66 43 87 92 43 3 30 90 46 21 58 33 79 10 17 98 55 99 58 14 15 45 64 57 84 34 85 4 78 29 32 83 42 20 43 74 17 31 55 72 79 64 57 79 95 46 83 12 18 59 76 33 42 93 66 99 38 57 34 90 23 11 61 48 85 45 41 24 49 22 44 92 12 4 44 2 85 14 59 67 9 31 2 30 32 2 45 20 12 99 4 28 99 83 92 26 40 7 68 54 78 57 68 81 1 82 69 47 96
98 52 21 47 31 29 34 77 15 65 43 44 32 41 83 83 50 45 30 60 23 39 84 98 69 21 49 22 19 6 97 98 27 92 22 90 44 65 51 85 96 73 86 67 99 94 56 65 29 4 38 34 98 60 100 30 53 12 95 32 29 68 77 25 71 70 40 23 41 54 63 33 94 75 48 65 47 19 17 80 82 67 12 87 96 67 70 6 93 67 47 78 57 88 93 9 25 54 57 66 1 50 74 62 84 97 20 11 17 57 41 52 10 100 19 96 4 59 38 90 89 71 56 41 86 31 75 5 75 30 61 55 5 39 23 31 9 43 54 22 84 26 81 46 11 31 36 8 22 64
32 56 93 48 60 9 82 85 45 39 66 90 32 25 37 35 8 45 91 80 42 51 17 42 36 11 42 50 4 88 37 39 52 77 31 84 100 72 1 39 28 19 55 18 53 100 3 47 100 4 83 82 31 69 13 44 52 75 90 17 67 27 95 58 89 28 58 33 45 40 13 14 38 83 29 20 17 72 22 2 75 93 79 84 43 48 69 57 41 49 25 4 40 13 90 80 97 15 37 78 82 79 95 8 71 77 92 64 87 61 74 87 95 97 71 71 98 26 30 98 5 87 80 22 59 16 26 27 41 74 77 41 20 44 33 76 15 100 67 99 57 15 14 11 58 58 33 15 86 2
6 24 71 74 26 63 8 88 69 28 38 94 58 13 6 59 99 12 31 72 79 86 16 6 99 28 81 3 9 81 78 32 42 64 41 93 46 35 82 40 14 59 91 87 48 88 78 88 58 25 64 29 48 36 95 39 16 87 54 38 55 25 66 16 39 72 30 71 62 95 22 81 14 57 94 13 90 9 25 49 51 29 42 78 70 50 24 77 82 66 29 55 36 64 16 56 92 53 64 88 29 70 40 22 29 57 77 82 32 81 75 71 79 29 18 33 58 68 55 21 30 88 73 5 62 17 1 34 61 54 81 77 51 26 6 87 86 55 90 38 60 23 95 17 75 1 57 65 34 77
22 36 3 5 96 29 44 96 24 88 65 84 73 61 55 88 62 10 22 41 69 65 40 60 58 38 45 70 36 27 39 61 78 72 50 89 14 34 9 52 6 48 3 29 65 15 65 61 3 44 12 22 100 5 16 40 100 3 96 26 38 85 16 35 84 46 12 13 91 92 45 72 84 81 63 94 22 94 66 28 28 93 3 34 20 93 88 15 4 22 44 71 64 23 52 86 36 71 2 31 73 59 66 71 70 40 75 87 22 14 61 37 4 37 1 84 28 13 76 5 63 83 98 83 23 22 77 36 91 2 76 87 69 3 37 68 95 4 35 29 70 90 22 22 92 47 28 21 28 69
9 30 62 9 10 4 9 86 92 99 77 94 50 38 26 66 2 64 14 72 37 33 34 97 91 63 50 4 84 7 34 37 77 9 52 65 64 80 100 51 15 44 13 8 45 80 75 90 29 10 86 50 85 22 1 73 11 88 47 76 45 25 57 53 17 41 16 57 7 75 45 43 1 81 80 88 41 35 74 8 69 61 77 20 100 87 34 37 88 58 3 72 55 25 29 86 59 55 97 10 79 13 78 79 34 79 73 67 59 14 78 77 60 22 57 100 54 97 93 86 56 71 7 75 12 43 94 85 27 52 95 63 45 68 36 31 92 75 56 40 67 92 85 60 67 77 82 35 15 96
64 4 34 43 8 7 89 40 72 40 79 44 94 43 40 21 50 6 40 9 31 51 63 13 14 3 35 22 54 72 6 83 95 56 98 62 67 18 24 26 7 38 64 34 26 51 26 90 9 47 74 97 61 43 30 34 87 22 51 79 45 19 100 6 37 50 54 43 95 20 87 59 81 100 58 20 88 25 39 1 57 1 68 25 50 88 55 100 68 78 8 4 60 77 20 75 31 53 66 38 10 4 21 6 12 73 42 99 41 99 30 20 75 75 42 20 37 67 9 82 13 15 45 67 72 85 50 29 7 89 5 5 26 97 17 97 74 7 44 21 78 64 41 38 61 61 49 55 59 31
12 34 61 9 42 40 72 27 78 78 65 16 5 53 68 41 67 57 39 92 26 15 67 97 41 40 26 79 2 96 36 86 47 9 13 45 88 71 94 4 96 57 36 27 53 76 45 22 60 99 55 16 20 100 86 85 44 93 23 51 30 79 65 75 79 46 32 50 66 32 41 70 46 6 15 11 75 1 19 51 82 72 43 67 55 13 90 58 69 84 99 22 52 59 93 78 96 15 8 63 54 9 46 42 41 17 11 22 79 99 26 80 60 4 54 17 46 98 44 28 24 8 97 21 99 90 83 35 77 14 43 97 25 65 9 15 68 23 52 22 30 33 30 71 35 8 46 73 81 48
53 14 27 97 35 15 94 55 37 17 14 59 4 2 62 74 91 56 58 85 66 24 26 32 93 45 4 22 1 56 71 83 70 81 26 74 83 62 40 84 38 66 4 44 70 73 45 79 75 65 28 4 30 19 54 7 93 26 98 10 35 38 98 32 64 30 67 16 8 22 15 99 54 96 18 37 83 91 45 45 13 78 49 72 8 38 74 52 39 40 97 46 41 78 15 38 41 96 75 1 88 38 85 16 50 100 58 22 87 11 81 8 15 50 57 82 79 77 63 64 11 11 85 27 45 14 94 13 68 1 56 60 15 100 77 35 12 21 22 8 78 4 55 24 14 69 6 1 10 51
65 89 27 41 8 16 52 87 57 19 78 91 37 92 26 14 59 29 5 75 31 50 95 50 81 90 97 90 44 63 22 39 12 86 5 72 32 40 67 54 93 87 17 43 16 29 40 9 67 47 30 62 68 79 21 95 47 93 50 44 78 16 98 96 53 91 74 55 6 52 79 99 74 48 18 3 35 8 67 63 42 53 80 66 5 86 28 75 54 69 61 37 89 4 19 97 40 58 8 31 71 29 63 93 63 58 25 84 53 78 30 24 50 65 97 43 57 45 58 99 42 72 96 26 90 91 9 50 52 37 47 80 54 10 70 80 26 76 11 89 31 15 23 74 20 10 22 7 23 33
25 11 51 78 66 84 17 26 13 31 53 14 62 64 92 34 23 12 79 63 36 46 5 53 14 78 46 62 96 22 3 60 54 74 62 25 92 84 11 38 17 54 63 39 47 99 91 84 29 73 62 80 17 98 29 24 71 44 60 62 91 51 17 98 6 28 24 67 36 31 29 57 55 24 73 21 97 68 79 98 68 88 67 78 57 1 61 93 88 5 35 1 49 11 60 61 82 65 93 54 67 26 17 71 96 5 25 35 24 14 5 71 68 12 20 75 94 16 77 74 88 94 65 95 1 44 9 34 9 47 70 60 9 49 14 49 89 77 12 75 37 36 48 93 73 42 21 8 32 42
98 2 94 81 6 66 49 64 2 20 49 43 42 54 14 83 15 97 86 36 57 58 41 73 5 93 60 45 3 56 4 45 83 42 92 63 89 18 18 18 57 71 63 97 96 66 15 56 62 47 20 34 22 43 31 40 74 28 17 26 19 67 3 90 28 60 7 77 26 6 83 72 1 50 19 67 52 71 68 97 83 87 34 63 42 38 57 97 90 49 34 47 19 61 59 4 8 93 31 13 25 55 48 22 25 56 69 67 96 70 43 36 5 19 31 68 59 32 34 50 46 68 77 46 73 24 21 86 54 17 18 15 43 51 10 39 14 92 46 63 43 51 11 71 43 83 52 61 12 32
44 57 62 81 74 42 95 86 10 32 33 89 74 86 62 92 14 83 56 28 65 2 58 17 25 8 65 80 65 19 83 77 68 2 59 14 49 72 75 12 76 11 15 32 29 76 96 88 35 77 81 27 30 31 51 48 62 91 35 8 3 9 41 80 65 53 95 89 79 59 27 82 29 75 91 72 40 28 83 46 81 75 40 93 80 34 32 21 8 37 21 84 14 66 75 89 29 23 66 12 45 27 60 22 36 16 23 65 61 21 74 90 51 58 71 18 89 60 59 7 50 48 82 42 30 47 43 100 42 28 80 65 56 12 62 7 96 39 91 22 81 53 19 2 86 15 85 36 3 89
5 92 60 55 30 19 59 81 35 40 93 53 71 59 13 16 49 26 14 69 70 76 9 24 20 36 48 37 9 21 19 73 47 53 87 58 57 56 74 99 30 80 79 13 58 72 10 81 67 37 44 54 95 19 35 2 1 100 71 78 74 77 3 67 3 65 13 64 44 5 50 52 95 59 45 95 43 12 24 50 78 7 91 37 75 33 99 96 93 70 61 6 73 40 52 10 87 37 62 15 18 76 8 25 13 91 37 74 38 34 76 67 42 26 25 50 90 22 97 82 90 63 87 36 81 94 85 9 21 18 46 14 19 89 88 82 51 39 88 18 34 58 27 49 37 16 15 92 27 83
2 76 86 50 44 61 1 38 99 81 18 62 35 83 82 9 30 32 50 51 42 36 23 48 48 48 73 96 21 62 49 60 37 5 55 21 45 84 69 40 77 31 11 48 57 37 99 52 90 18 75 28 82 55 66 75 45 84 2 43 67 60 18 79 68 92 60 15 88 10 65 15 27 30 68 13 53 19 85 85 61 57 12 64 84 83 25 5 76 81 49 53 73 76 8 98 3 83 16 85 13 23 49 91 65 27 60 35 58 83 59 47 23 63 57 72 28 55 100 94 78 74 49 54 66 9 88 90 81 80 71 80 11 16 22 5 26 29 7 54 4 80 93 81 17 24 14 13 51 75
99 45 75 55 87 97 52 83 19 9 85 33 76 6 56 6 2 37 46 31 95 46 47 25 73 74 33 32 79 59 96 43 19 84 91 88 35 45 96 35 8 98 84 29 53 31 29 58 86 1 16 68 76 22 38 96 6 68 50 94 9 61 25 36 78 3 85 66 41 18 53 65 56 94 99 29 72 71 56 31 84 84 83 70 100 88 59 33 5 77 97 34 71 93 62 82 29 45 3 10 58 51 54 50 50 9 81 88 93 17 58 87 94 89 13 8 4 74 16 83 32 14 55 100 76 14 16 89 97 86 79 20 8 23 74 31 63 75 100 86 62 4 20 13 90 57 23 6 82 96
74 26 31 66 67 52 2 47 61 4 21 58 43 53 16 43 36 69 53 77 46 24 35 30 50 69 1 97 39 57 66 74 58 22 92 19 18 50 64 27 8 7 76 57 89 64 17 16 48 5 59 48 88 11 55 69 16 50 12 11 65 67 28 80 17 46 10 7 99 5 96 30 100 12 92 33 35 46 22 8 53 27 15 18 56 63 8 65 82 81 88 87 66 16 62 24 53 51 55 41 92 96 4 97 83 9 80 60 64 65 11 10 76 6 12 80 33 31 19 57 66 54 68 87 70 59 21 25 59 67 61 7 52 56 20 44 100 27 94 85 48 48 94 88 90 14 39 55 8 93
74 69 100 29 82 95 69 48 21 9 59 49 3 75 56 5 40 71 65 31 19 56 25 2 98 96 54 13 17 74 46 32 52 62 86 35 61 33 86 46 27 100 24 43 1 44 79 99 36 27 11 55 46 46 69 6 41 47 7 6 30 16 87 69 4 56 30 66 61 24 85 1 76 43 81 1 9 22 6 95 69 90 84 3 79 32 32 29 54 33 44 48 89 30 92 17 14 5 100 56 64 70 97 74 44 13 57 78 64 49 76 100 27 11 50 62 52 87 25 59 36 1 53 12 52 66 79 12 56 41 56 80 51 72 53 26 10 56 19 96 2 92 34 96 93 88 16 29 22 60
95 5 62 52 4 93 43 67 25 43 43 18 72 95 70 2 63 74 53 21 80 58 93 29 44 32 7 99 19 90 15 48 55 2 95 86 89 66 17 52 36 76 9 33 81 38 17 23 56 1 24 13 51 22 38 33 28 19 46 19 87 30 85 77 20 13 10 95 73 76 48 99 31 91 17 83 75 92 27 92 1 19 30 6 48 34 81 27 72 72 17 70 57 57 26 79 55 50 30 24 14 72 67 58 84 30 56 20 86 97 87 52 96 79 26 65 34 38 74 35 34 35 34 39 73 80 85 28 29 17 82 80 46 11 31 28 31 74 22 62 34 74 58 32 13 59 22 67 40 83
14 36 89 52 11 29 43 53 83 11 90 18 29 91 12 7 95 71 22 29 40 57 72 87 2 60 85 13 81 35 87 13 61 71 79 95 50 98 33 81 32 44 91 7 60 73 75 99 29 100 43 6 34 48 72 28 80 35 2 49 39 42 19 65 41 41 89 45 66 36 6 42 76 30 25 38 8 26 72 74 87 96 68 94 94 29 68 27 60 6 9 31 2 74 33 69 85 42 73 35 54 95 74 3 92 82 13 15 57 29 3 100 4 32 93 48 19 47 4 22 34 15 84 77 77 39 19 70 54 45 94 35 10 8 91 97 28 76 82 85 84 90 61 32 35 96 20 18 25 18
21 69 23 100 30 10 61 81 57 65 52 20 64 11 95 39 59 31 45 49 44 22 22 51 76 41 57 62 48 79 10 35 44 97 97 61 98 9 13 64 45 69 16 72 77 30 23 66 27 15 93 72 6 94 72 24 26 71 15 51 10 95 14 87 43 25 23 87 67 60 7 51 60 93 65 9 88 99 29 4 23 78 25 74 31 76 29 63 43 58 76 93 24 12 56 55 41 92 100 37 73 12 95 12 35 80 99 61 96 66 46 15 14 23 68 43 9 91 67 84 41 15 18 6 50 85 41 58 64 62 40 11 4 79 66 85 25 10 51 69 87 56 2 39 46 37 95 24 1 8
72 38 85 2 84 12 14 97 94 43 40 92 80 88 55 72 53 85 72 89 58 70 5 21 38 6 76 50 17 72 82 92 39 12 66 90 15 78 56 57 62 66 39 44 31 33 22 34 8 26 63 93 29 5 99 9 96 5 100 32 5 55 2 8 85 25 8 19 71 100 6 89 28 31 32 34 99 7 93 5 66 92 90 44 53 7 57 89 54 33 4 14 9 38 71 29 39 60 75 99 27 97 54 91 56 75 97 70 11 40 56 62 77 8 36 34 57 86 33 38 35 12 28 70 19 70 67 99 17 9 34 23 30 28 15 23 88 8 6 100 17 39 68 65 99 33 10 43 56 9
43 76 83 95 1 63 3 28 37 78 76 64 14 64 26 98 78 100 12 61 62 68 48 57 23 35 1 61 22 69 44 3 69 32 42 42 32 7 54 9 53 90 46 26 60 10 88 5 82 4 11 68 38 27 26 29 85 42 43 31 47 89 41 42 61 1 66 19 64 4 10 28 54 57 29 47 92 66 6 10 72 69 76 4 73 19 41 58 90 36 24 81 73 89 76 100 92 62 79 43 37 87 48 62 84 75 14 93 16 19 95 5 91 75 43 83 24 3 85 46 10 31 30 40 71 40 17 84 2 20 34 48 55 22 34 15 77 23 44 53 81 73 90 98 64 48 34 88 86 34
38 58 84 81 64 79 92 9 18 73 74 4 39 70 73 26 25 37 55 70 68 52 15 44 28 98 7 78 18 59 83 15 45 44 45 54 53 65 34 76 90 88 72 75 47 17 33 75 55 83 54 26 49 45 38 45 16 73 81 53 54 34 11 25 37 88 63 71 93 77 34 24 60 57 4 96 1 17 19 30 91 92 81 36 64 95 1 19 92 7 87 19 7 39 51 53 93 91 85 85 98 14 76 45 25 41 35 49 99 48 87 92 9 45 51 28 59 72 97 69 21 86 69 51 71 76 26 82 18 32 83 67 76 37 38 28 70 80 80 89 99 8 43 44 29 44 11 82 44 25
94 28 59 13 5 67 80 7 32 37 21 95 42 68 73 79 25 9 66 4 49 34 16 56 10 3 24 25 21 15 92 73 36 58 35 1 4 51 82 30 99 55 12 10 66 53 29 19 90 59 98 94 61 65 23 50 83 75 77 85 57 92 7 29 37 61 89 4 36 11 59 36 75 51 9 76 89 26 45 47 51 27 71 50 69 45 23 77 5 30 47 39 73 90 79 26 10 95 61 26 28 59 12 69 82 96 94 4 52 50 88 55 74 76 95 59 6 72 30 100 94 64 71 69 47 68 62 40 19 35 2 90 52 45 97 43 72 17 96 30 10 39 66 55 35 7 89 53 10 86
17 33 13 63 54 11 22 50 6 61 46 78 87 61 90 41 30 16 38 98 8 52 38 12 59 68 70 66 31 82 42 35 15 53 44 19 100 47 22 37 28 28 25 16 43 19 45 71 46 54 95 70 25 11 10 5 22 34 56 74 52 59 64 68 15 2 34 44 57 15 84 32 42 30 32 35 27 44 70 94 41 30 86 8 8 90 23 81 86 26 82 93 90 3 92 26 75 55 73 68 33 86 30 17 44 21 41 100 68 58 54 58 64 79 69 1 25 69 46 22 9 30 66 28 35 58 31 22 58 78 45 47 38 32 38 17 59 7 92 80 28 10 4 45 64 16 43 47 99 41
12 16 87 1 98 90 41 47 21 35 92 97 46 96 73 42 42 24 94 7 48 2 99 93 34 55 55 19 42 58 31 99 17 72 61 32 68 39 30 22 90 34 57 20 24 87 14 24 78 26 61 11 64 41 65 69 76 56 20 41 28 89 47 65 14 95 4 43 12 17 72 43 59 59 1 61 67 22 70 25 36 24 96 67 35 62 59 48 17 74 52 25 20 89 90 90 23 74 25 95 56 36 68 8 38 39 81 66 51 62 65 29 31 82 22 31 47 35 29 86 88 59 94 33 43 54 29 3 11 84 73 57 55 70 83 42 14 20 9 72 36 56 81 86 78 53 58 35 56 98
61 80 19 21 98 71 4 4 68 59 60 24 64 52 41 61 75 42 7 28 68 21 46 45 2 42 5 75 30 26 48 100 97 7 37 62 100 57 58 86 73 28 10 69 6 85 3 99 53 87 9 28 45 13 63 83 100 29 65 34 50 22 47 39 48 32 38 78 58 93 10 48 29 30 73 56 43 10 96 9 39 20 81 92 56 29 57 6 41 49 25 6 90 79 42 21 66 89 16 70 15 36 3 51 67 83 76 32 100 62 52 87 45 78 56 77 61 84 48 59 98 82 3 23 56 45 17 43 70 89 63 93 76 79 24 44 44 48 85 88 28 19 46 52 87 72 83 43 76 76
66 57 38 63 86 6 34 81 50 13 44 38 83 83 65 97 60 88 83 21 40 28 72 89 11 12 68 16 34 42 17 32 53 3 68 37 91 27 2 21 52 57 38 64 25 90 44 88 46 76 49 10 13 50 55 40 13 30 38 88 2 28 33 22 67 41 98 33 96 1 28 30 66 60 68 97 17 29 9 95 97 9 41 60 91 13 76 6 91 75 46 6 100 45 5 36 72 88 34 66 25 97 79 19 46 68 86 72 31 37 21 24 6 9 4 11 28 76 24 26 74 35 84 2 59 61 39 96 20 80 28 99 95 26 16 37 25 3 83 96 37 23 84 12 47 19 90 15 75 43
42 23 99 41 11 2 97 68 99 45 97 52 56 12 32 48 54 11 72 39 22 30 91 21 1 51 8 50 20 90 20 67 56 50 51 24 59 44 87 13 58 26 70 62 46 22 96 55 7 91 71 20 13 14 49 100 83 79 100 58 9 21 4 37 95 68 90 14 72 32 31 49 92 57 17 21 94 63 31 24 10 8 51 21 16 62 84 17 52 55 80 22 51 8 87 96 59 18 27 35 94 70 32 98 44 24 96 95 88 6 67 26 43 14 78 93 1 16 83 15 39 70 13 4 9 25 76 25 93 66 37 8 3 83 26 61 27 98 96 57 51 14 1 82 38 87 69 39 90 39
53 91 84 34 20 97 24 11 2 17 99 52 7 82 55 7 28 84 60 96 62 56 67 40 97 26 89 44 47 90 87 17 16 38 93 77 74 80 50 28 34 55 36 11 92 56 83 17 47 38 46 9 63 71 51 47 62 40 76 10 95 2 90 39 12 16 70 45 69 95 63 96 78 74 62 42 18 98 73 90 27 54 2 59 95 34 59 83 27 14 43 15 100 98 3 22 67 73 13 66 27 72 41 76 57 56 72 24 30 55 95 90 37 64 52 51 18 52 52 15 18 34 82 72 42 20 42 21 48 88 41 74 43 13 84 87 51 61 16 61 69 85 21 89 69 50 53 1 16 57
19 25 99 26 76 24 57 68 84 91 100 10 54 29 67 26 24 38 5 25 56 10 17 53 1 12 58 76 3 16 5 8 65 94 96 4 69 93 52 61 31 44 7 96 82 89 48 88 43 90 22 82 81 85 78 13 29 80 9 45 91 44 21 70 30 94 16 34 22 30 9 21 86 29 95 79 9 22 69 58 27 17 72 35 7 34 89 49 71 58 14 24 2 38 82 16 41 44 76 84 84 82 18 45 85 13 79 74 62 77 84 18 2 27 42 40 79 18 1 21 54 55 97 39 3 13 64 26 61 91 39 22 47 87 96 20 76 18 93 19 2 78 64 41 30 3 19 67 63 13



