30 150 0.2 0.2
7415
6316
6108
6948
7035
6889
6227
7256
6194
6704
6757
7256
6635
6131
6556
7146
6611
6358
6091
7086
6430
6126
6904
7625
7685
7166
6143
7486
6452
7137
6492
6501
6847
6006
7316
6490
6951
6769
6520
7287
6401
7637
7261
7292
6789
6746
6670
6545
6829
7379
7514
7216
7209
6988
6479
7158
7238
6057
6838
7208
6130
7028
6799
6917
6899
6843
6409
7612
7680
6146
6649
6136
6573
7510
6633
7497
7255
6765
7452
6884
7030
6512
6455
6483
7252
6374
6581
6011
7098
6747
7623
6621
7048
6233
7040
7006
7471
6431
7561
6220
6844
6083
7137
6708
6553
6323
6655
7017
6166
6314
7445
7534
7183
7495
6955
6052
6538
7009
6858
6903
6998
7442
6528
6689
7105
6824
7636
6638
7442
6615
6320
6806
7043
7571
7587
6291
6919
6462
6996
6253
6239
6017
6164
6722
7260
6876
6221
7017
7130
7125

58	38	82	57	60	61	96	56	39	45	3	78	15	36	81	10	10	97	73	15	84	59	6	6	95	68	4	5	89	45	46	64	24	47	23	25	62	52	7	56	94	9	8	84	68	72	33	98	67	90	80	62	52	62	92	14	30	38	18	28	79	33	27	37	7	33	99	9	99	30	55	62	50	97	92	22	14	3	9	35	51	15	35	33	67	69	58	48	15	48	54	72	68	77	46	56	30	14	52	69	22	86	84	66	18	11	61	45	20	92	49	73	1	60	60	98	65	84	36	2	17	28	7	72	72	96	99	12	13	38	38	99	36	99	14	64	47	5	61	37	13	21	6	78	37	44	40	83	60	3
3	92	50	94	79	98	71	9	27	25	79	93	13	54	95	6	5	35	7	19	75	9	25	24	81	97	63	10	39	93	71	36	29	7	33	21	18	12	58	81	49	91	91	44	92	25	62	76	72	18	93	84	64	82	18	50	85	11	95	63	62	25	43	13	72	3	81	78	20	91	17	67	60	84	88	5	95	26	94	81	39	61	22	19	25	33	33	83	85	5	2	91	52	2	17	62	65	37	60	34	1	74	31	53	76	30	24	95	33	74	54	41	94	64	96	13	96	17	9	6	73	6	57	10	97	57	23	76	29	62	100	66	79	24	98	95	87	33	43	38	45	79	63	40	70	36	36	64	80	31
10	83	45	43	34	25	71	32	3	88	18	25	98	74	29	12	9	16	40	66	95	40	26	69	1	84	93	85	5	64	35	17	58	88	8	75	47	4	36	8	81	65	80	49	67	93	85	54	81	58	96	23	45	18	53	10	50	36	67	23	19	100	14	86	98	85	56	46	42	15	73	85	28	50	72	75	95	40	68	69	95	15	42	21	92	62	12	19	29	25	94	12	58	75	38	24	55	88	8	68	97	87	50	20	93	4	91	99	62	68	79	21	56	24	100	100	72	1	96	21	67	20	39	77	43	39	46	96	39	29	34	94	10	75	100	89	47	33	61	5	64	13	40	51	48	41	62	56	50	72
50	67	88	22	25	61	71	26	63	53	81	28	56	7	7	53	97	90	57	63	40	6	93	70	11	36	77	34	69	1	22	89	56	97	80	97	82	39	3	20	93	43	70	66	13	31	22	19	62	57	63	7	23	47	14	14	71	56	81	62	71	80	22	19	42	90	54	82	30	51	13	59	27	31	20	45	53	59	63	42	89	80	38	26	42	84	23	55	30	74	4	60	36	80	31	84	51	62	14	68	83	65	86	28	80	6	31	40	5	15	11	52	87	53	89	5	24	72	36	37	42	64	47	72	87	78	99	82	99	16	78	58	68	73	29	40	50	33	94	85	8	3	91	54	98	91	99	35	93	95
77	10	87	87	80	10	52	64	58	58	73	67	16	97	85	51	59	38	88	15	39	51	66	27	43	88	61	29	55	25	64	73	7	23	49	4	92	57	54	57	2	15	4	71	46	24	12	93	83	59	39	39	65	51	71	100	5	36	92	29	58	80	90	97	33	55	6	38	100	6	21	97	72	81	83	38	93	56	79	54	55	2	57	38	31	27	84	11	3	84	62	18	10	36	82	63	46	92	34	93	91	65	68	59	28	72	1	10	95	76	21	46	49	67	80	3	47	25	40	39	75	45	41	23	11	77	94	22	46	21	94	75	89	39	74	60	52	81	8	42	38	8	79	45	30	3	10	94	94	79
13	7	79	74	67	86	52	4	91	53	99	38	3	38	47	37	88	60	29	84	67	42	17	68	69	33	99	88	98	79	12	56	88	2	91	96	8	13	32	25	7	63	32	26	75	50	56	37	97	83	67	28	3	45	82	62	17	28	24	95	57	77	43	57	91	83	67	45	67	57	16	46	82	86	82	86	35	95	54	32	37	42	15	54	34	86	93	93	37	35	8	92	58	73	12	47	67	12	56	74	18	46	45	83	79	86	24	34	33	53	15	2	55	64	68	14	78	13	55	77	20	11	27	15	62	27	42	78	64	92	35	93	8	96	19	83	91	18	14	70	72	2	1	40	39	23	18	51	98	12
15	64	96	67	64	48	81	68	71	76	19	51	61	62	42	77	48	36	73	59	65	97	8	11	3	52	37	36	36	22	36	32	56	100	90	86	35	20	10	53	49	57	88	75	12	23	49	28	67	63	54	35	16	89	14	24	100	19	20	37	1	80	10	40	81	34	98	65	54	96	60	64	50	94	48	86	49	30	28	80	70	92	1	3	62	52	17	8	26	75	83	97	90	36	2	28	56	78	48	89	78	53	93	51	16	6	95	13	6	5	21	65	62	47	50	40	73	33	84	66	3	92	58	46	82	63	51	10	13	62	79	100	34	61	61	60	25	12	43	56	68	18	44	59	80	28	49	13	40	79
66	83	45	35	36	90	85	57	11	100	36	44	23	37	31	92	79	37	16	28	7	97	13	11	63	53	20	92	68	89	66	77	2	45	4	82	47	88	14	9	40	45	27	59	22	27	48	98	98	29	63	97	33	25	69	81	1	39	84	99	40	88	14	20	30	17	68	74	78	27	8	54	99	21	69	78	55	64	22	43	10	27	84	69	41	74	70	64	1	70	97	42	23	90	55	90	72	24	99	84	8	5	1	74	78	27	78	52	23	95	49	68	14	92	87	86	76	1	56	97	20	5	11	48	55	83	4	85	73	17	4	72	52	43	85	10	90	99	15	96	53	74	83	63	12	43	73	39	11	55
76	88	75	71	5	57	45	93	49	79	26	17	46	63	51	57	75	32	64	39	82	70	30	89	74	39	13	56	13	97	85	80	98	77	82	66	68	61	36	46	2	100	26	74	17	58	22	71	84	94	98	21	66	97	79	38	65	74	11	70	44	66	39	14	89	70	48	89	24	94	28	80	37	61	2	65	61	95	66	69	50	91	61	72	78	80	88	86	93	8	14	38	34	85	37	88	26	48	4	26	69	7	20	11	99	73	30	57	66	61	93	9	38	98	99	30	59	19	94	100	59	73	58	96	30	94	7	66	42	26	49	97	20	96	25	14	94	91	11	19	99	88	75	60	28	7	99	67	53	45
24	27	7	14	73	32	98	86	21	99	18	5	32	86	67	9	55	21	13	4	52	18	3	97	24	80	64	13	92	74	31	64	51	47	29	4	30	98	39	23	15	26	25	79	47	62	97	9	63	43	90	75	77	98	98	47	51	91	3	4	87	78	70	1	61	1	60	63	63	65	82	36	96	54	24	89	97	58	47	87	10	89	80	84	20	17	31	49	54	86	8	35	26	81	85	96	93	86	15	83	15	63	25	66	69	24	44	87	14	77	65	36	52	93	40	61	18	39	66	63	89	87	39	34	68	85	94	67	2	11	87	39	55	41	91	33	57	33	20	41	72	70	90	23	31	17	10	99	18	30
99	29	62	59	37	43	62	84	25	23	95	35	38	75	50	61	6	2	1	96	60	60	7	66	11	68	51	68	29	89	25	84	74	95	14	61	6	37	91	65	90	51	83	63	13	91	46	22	100	81	43	70	63	38	26	66	5	30	2	93	13	73	74	72	88	17	40	53	42	18	68	23	66	8	32	64	100	3	71	90	36	15	85	23	17	21	22	10	81	34	96	38	84	40	49	25	60	89	64	72	95	96	96	86	33	99	26	57	47	34	75	85	33	21	2	29	77	77	62	50	29	83	18	41	61	38	34	91	55	83	22	81	77	53	48	11	21	69	23	15	58	27	100	30	20	57	70	64	29	33
65	85	61	12	82	29	14	32	17	68	11	17	36	93	3	89	81	62	32	59	16	11	81	16	58	81	96	45	5	56	11	43	24	74	45	57	22	5	58	44	19	25	46	64	33	24	6	37	38	8	39	27	59	41	57	45	38	72	35	52	49	31	59	35	86	30	91	90	97	49	16	11	59	46	96	79	9	42	48	73	15	30	38	11	49	65	12	34	3	77	74	57	64	12	40	70	7	7	66	71	61	22	100	69	81	71	24	15	6	26	62	52	63	93	32	5	64	36	34	68	45	62	46	95	8	48	31	22	15	55	66	17	87	55	11	71	55	99	7	87	84	14	23	32	69	94	87	84	7	48
49	68	24	48	100	37	21	50	93	55	10	65	34	81	87	53	46	41	85	12	60	29	40	36	75	84	74	32	45	51	87	29	36	93	24	23	13	32	6	45	44	93	97	82	4	37	84	93	57	12	63	14	43	11	62	34	8	48	30	56	84	92	4	87	63	41	25	33	53	31	3	94	87	69	87	28	13	80	74	27	16	58	66	79	56	27	48	34	60	75	98	21	24	24	12	82	84	59	39	62	81	35	16	79	91	31	9	64	98	79	85	43	59	33	52	10	30	52	8	3	5	82	86	43	41	66	5	47	47	62	41	13	25	40	74	55	44	93	23	27	56	78	16	53	60	93	94	8	32	76
5	67	43	99	39	12	98	30	71	70	27	71	14	33	60	98	27	49	52	53	98	70	94	84	30	99	48	9	73	25	62	87	78	2	69	82	52	96	77	90	46	65	2	48	88	66	7	48	47	13	98	38	22	26	34	64	47	24	44	18	9	76	17	72	19	52	6	42	96	59	28	24	56	38	87	27	85	51	42	10	83	56	95	81	47	46	24	54	31	42	3	13	14	65	24	49	76	12	4	80	16	74	93	5	86	31	94	56	39	96	29	15	47	87	38	56	85	87	41	59	26	92	78	7	19	92	36	7	1	46	63	36	80	39	69	4	64	75	51	59	66	68	24	80	74	90	22	41	41	66
54	63	3	97	63	87	21	15	1	84	29	19	73	74	36	57	72	27	8	76	13	76	31	5	54	80	76	88	55	53	68	21	15	64	61	5	19	49	50	66	11	87	34	5	49	92	43	37	68	98	62	7	29	29	56	89	78	68	46	19	12	35	32	26	40	68	41	37	46	63	12	77	14	78	51	2	52	88	60	64	75	84	68	88	26	15	11	10	21	22	1	79	9	45	40	52	34	28	51	91	55	76	68	78	95	36	53	79	43	72	11	100	3	52	51	70	72	89	61	87	11	1	95	39	79	70	22	5	51	47	78	91	25	78	74	12	48	49	25	38	11	66	34	38	80	25	94	73	44	58
76	2	69	99	69	15	97	25	54	53	51	18	8	2	20	48	17	99	41	86	80	50	19	24	55	57	31	37	88	65	65	8	88	30	76	79	7	35	67	91	1	94	35	37	12	6	35	90	7	26	29	82	48	17	31	88	80	92	10	19	99	85	53	60	81	51	87	22	84	71	29	24	6	32	3	30	40	64	85	90	47	95	10	83	5	24	8	80	44	75	67	33	88	11	55	14	55	71	34	95	50	75	91	31	90	89	24	25	36	2	26	24	63	87	59	61	44	71	90	88	75	3	52	33	78	97	92	94	44	4	41	4	3	55	75	100	16	44	69	52	82	69	14	28	6	70	55	65	19	68
5	5	90	35	97	80	18	45	17	65	45	95	50	6	73	83	67	57	42	54	37	15	22	65	37	77	2	34	6	15	34	61	73	50	52	42	89	12	49	19	6	62	53	5	19	24	57	100	54	75	37	56	90	95	64	18	67	10	69	80	53	100	77	34	18	36	21	25	6	2	12	15	85	34	22	30	36	74	84	45	90	10	55	7	83	34	3	97	66	29	82	44	66	85	93	6	99	6	32	26	21	47	61	64	98	95	91	52	33	96	19	74	93	35	74	19	2	82	33	94	32	36	35	40	53	14	28	95	16	27	57	88	73	41	9	31	95	78	100	23	88	83	62	66	82	57	12	17	56	46
94	92	15	70	32	67	87	56	29	34	83	6	91	50	51	22	75	70	44	54	2	60	53	74	40	8	22	93	89	25	43	7	4	43	71	10	40	50	57	29	31	8	87	44	17	9	2	26	42	94	87	12	50	100	66	69	8	54	58	53	26	6	69	49	48	83	43	49	97	2	91	60	3	54	21	66	12	39	58	100	59	83	82	5	86	43	50	73	44	37	40	90	99	37	87	42	88	55	63	10	90	97	16	77	70	85	72	63	42	66	6	88	97	14	10	66	35	5	27	82	61	98	56	71	20	18	39	93	64	29	24	71	55	71	70	69	82	95	47	89	90	57	57	22	72	39	34	76	23	60
59	93	68	96	16	98	21	93	100	36	52	68	72	66	66	1	2	98	97	95	84	98	35	88	82	25	68	39	38	11	6	60	9	96	72	34	82	50	84	45	58	34	2	19	64	82	95	75	100	75	44	26	66	71	68	39	96	92	16	58	58	28	23	77	88	46	73	98	14	55	36	86	97	28	53	32	35	78	1	92	77	44	15	25	46	95	64	23	88	63	1	31	100	22	58	47	15	41	79	92	24	22	94	5	8	67	30	10	53	34	72	64	16	25	36	27	66	75	60	33	11	46	57	12	32	20	63	4	21	4	30	80	51	41	4	85	8	18	60	13	100	60	8	29	5	15	84	28	78	61
28	12	39	100	64	52	46	73	66	100	34	6	92	87	60	67	75	20	69	1	50	75	97	55	83	46	99	13	77	91	2	80	58	59	52	62	2	61	88	72	70	76	26	49	90	95	19	60	26	57	49	70	25	2	88	40	45	16	35	63	90	23	3	62	78	47	54	83	92	27	72	73	79	4	79	19	59	97	88	89	98	80	59	85	51	45	48	74	48	60	42	81	16	47	98	57	79	51	100	72	27	13	24	49	21	34	24	64	10	50	16	10	47	82	13	47	22	51	53	55	73	74	76	44	22	67	17	65	48	88	77	40	64	14	77	98	13	38	43	66	40	10	78	1	74	31	28	99	38	28
32	74	59	100	17	27	26	34	32	70	24	79	41	89	26	31	72	62	90	12	74	73	10	10	83	60	5	90	14	89	45	77	22	73	10	80	90	57	48	38	16	80	77	37	58	79	84	89	1	37	13	89	51	79	56	30	94	80	73	27	58	62	36	11	5	24	9	40	20	44	53	43	36	66	71	15	8	89	26	15	65	50	18	93	38	62	45	37	38	62	52	19	72	61	77	81	26	43	58	97	50	92	94	37	31	39	56	96	24	66	23	86	31	75	6	1	61	94	33	3	14	3	37	53	100	46	33	56	51	93	30	74	59	29	19	42	45	63	28	3	66	6	27	73	15	4	43	100	40	5
83	67	88	41	88	4	83	55	32	17	61	99	46	64	21	72	76	25	83	49	19	81	69	12	4	83	67	6	69	41	59	43	49	97	71	52	55	22	64	31	72	22	74	6	12	22	58	43	4	97	48	19	15	66	34	15	10	73	72	74	28	41	84	81	34	30	11	30	27	21	84	59	1	67	20	96	47	57	7	15	14	81	34	12	8	26	44	7	29	61	77	30	10	39	84	19	61	71	92	45	40	80	73	87	76	90	1	88	9	65	15	60	73	71	68	55	64	71	76	40	11	57	47	38	38	16	16	26	48	65	23	17	61	88	1	92	97	57	47	40	29	54	33	36	63	74	60	76	7	43
37	21	23	48	20	27	39	62	28	9	52	14	22	5	91	33	52	69	41	72	26	57	93	49	96	57	28	72	95	50	68	91	86	35	59	68	4	75	4	79	72	31	50	38	7	7	13	1	81	100	1	38	6	52	61	56	30	39	87	55	76	58	64	10	92	41	33	4	3	43	10	51	21	39	34	28	21	42	16	13	70	48	37	84	10	44	7	35	32	31	75	5	85	50	51	2	11	99	3	82	92	25	84	87	78	43	53	55	15	37	83	92	76	73	31	55	99	15	38	20	74	12	53	59	9	94	53	30	32	61	72	8	71	81	65	57	3	59	11	43	57	87	14	9	74	87	61	68	85	36
96	44	38	26	48	14	25	64	62	70	29	80	36	16	76	10	15	82	9	22	82	10	26	71	46	67	76	23	30	100	3	24	5	69	74	15	9	51	94	34	56	10	98	59	95	40	27	5	71	34	32	91	44	82	87	74	81	50	88	67	63	19	99	82	21	97	45	93	28	45	66	53	57	97	34	66	70	100	62	31	87	4	98	62	94	85	93	56	91	40	4	30	5	84	51	13	27	81	1	67	1	16	32	55	92	90	55	19	12	58	16	1	99	14	98	88	72	64	30	52	8	83	87	9	69	11	42	87	60	95	44	44	8	77	43	30	51	48	56	2	86	5	6	100	38	50	83	34	4	4
3	28	84	83	90	49	1	75	58	72	95	35	9	95	27	50	2	96	73	70	20	17	77	89	61	21	77	36	72	90	61	56	34	93	35	24	12	44	15	89	41	93	50	96	40	27	85	99	45	95	22	60	37	78	30	98	10	35	8	77	30	90	74	13	77	26	60	34	19	20	95	80	86	51	37	53	76	48	25	14	42	65	80	11	85	10	69	96	8	12	45	12	40	28	57	88	62	5	97	34	8	57	4	71	29	95	64	10	28	69	13	71	56	64	98	54	16	45	55	38	30	98	19	40	26	98	86	91	52	5	8	95	72	55	81	35	30	97	24	3	59	95	7	70	2	22	35	11	3	39
36	69	83	81	97	95	51	96	70	62	64	100	44	81	5	97	100	81	46	67	92	7	29	42	42	6	44	40	87	5	92	75	62	1	29	88	82	68	54	30	23	33	6	64	8	67	19	32	51	41	26	46	29	47	31	44	51	73	26	37	69	53	17	30	54	69	35	1	79	51	73	28	77	86	83	32	8	38	12	60	83	74	89	95	31	73	81	27	64	31	93	62	15	3	12	83	94	68	65	1	32	82	38	98	25	62	44	77	11	61	10	60	11	100	17	56	29	47	84	18	1	65	65	8	94	72	27	14	37	8	100	72	52	11	14	25	47	39	83	18	46	24	31	94	56	95	46	58	20	30
52	92	76	43	84	34	18	19	3	9	81	61	64	86	95	8	88	74	99	67	24	41	95	77	15	46	98	30	78	88	51	29	49	67	18	64	84	81	82	70	19	85	71	49	16	46	45	70	48	73	48	97	14	97	98	95	62	79	6	18	100	63	29	57	57	71	43	98	11	61	20	34	1	89	73	57	84	29	55	96	18	29	36	9	52	11	83	65	65	59	85	74	66	62	93	41	84	96	77	81	44	1	79	41	12	17	50	55	72	100	45	35	12	28	95	51	69	89	33	25	37	44	74	88	47	21	2	49	31	35	95	12	66	32	28	33	61	68	79	27	47	70	24	33	6	87	67	26	91	40
21	28	59	53	76	13	38	38	2	86	51	2	36	95	100	16	34	61	80	93	51	31	21	52	100	33	53	11	87	25	81	27	43	8	36	35	3	100	71	96	95	47	84	66	67	87	34	85	76	43	82	78	7	54	5	15	34	39	45	84	61	86	18	99	21	57	95	33	53	61	88	74	55	11	38	67	24	89	97	76	80	82	22	17	4	83	57	37	39	22	11	23	81	26	59	87	79	52	80	53	12	67	14	81	83	34	7	13	64	49	55	89	37	67	57	83	9	28	4	49	87	4	73	68	45	3	81	64	74	33	68	65	26	21	4	17	3	7	65	81	42	70	43	40	29	85	8	32	42	34
15	90	34	83	43	24	49	73	57	36	33	80	82	19	71	92	18	56	41	1	4	1	27	60	72	97	49	48	51	87	60	35	63	88	15	42	51	30	46	43	31	37	32	79	37	23	12	44	93	80	77	42	10	6	66	36	99	35	61	17	51	75	33	7	47	59	13	90	64	34	31	14	76	18	97	73	62	32	18	11	40	23	24	42	63	44	88	11	3	71	32	97	59	96	15	36	95	46	31	55	86	4	23	20	15	11	38	56	74	36	70	35	95	18	87	11	45	23	70	81	87	19	26	92	24	59	47	96	39	33	43	59	35	45	3	7	35	22	17	48	15	50	21	26	71	14	46	47	95	25
33	14	49	32	61	27	43	94	49	38	73	41	84	97	57	41	15	33	35	10	65	85	41	72	54	97	67	40	95	9	2	99	53	11	63	1	7	59	23	20	64	66	82	76	42	15	63	62	54	65	91	37	32	55	33	44	29	47	83	38	85	67	65	77	68	28	35	14	25	13	34	76	96	33	6	57	89	32	35	69	55	59	66	19	4	26	43	30	77	66	37	87	78	18	47	99	67	18	37	82	13	99	97	41	64	15	13	61	63	64	57	69	52	86	72	10	3	68	94	37	1	15	14	87	72	13	51	67	30	6	11	62	57	71	89	12	88	84	66	24	45	84	25	60	53	36	68	35	75	2

