10 50 0.8 0.2
652
292
516
432
825
849
500
754
446
504
766
417
855
399
803
521
715
488
620
607
617
752
610
339
363
712
492
731
355
296
294
648
664
485
662
841
791
711
339
799
426
385
600
734
675
577
821
802
456
296

50 20 14 79 58 41 83 74 94 55 7 94 41 2 65 88 24 44 27 9 29 20 47 21 70 99 37 71 69 72 59 59 27 53 17 67 11 81 61 21 47 77 7 91 43 17 38 44 85 91
16 18 27 15 4 76 86 95 73 14 38 65 53 85 15 75 52 92 98 98 77 6 30 7 83 8 72 16 32 96 43 67 88 7 99 47 89 60 32 96 19 27 93 57 82 12 47 83 73 45
89 31 36 53 43 12 15 61 46 52 63 55 4 65 43 46 5 48 32 94 31 100 50 5 20 94 37 43 78 42 76 4 28 28 47 9 19 30 76 30 78 84 67 62 53 44 6 42 21 44
7 45 57 70 90 93 83 5 53 40 100 19 73 1 33 76 27 10 64 28 27 11 73 62 59 25 10 8 1 41 66 53 35 61 45 85 14 38 1 85 13 9 77 1 52 29 65 84 38 64
96 58 9 68 37 73 34 82 50 45 37 32 22 65 94 49 20 24 73 99 92 93 5 68 57 65 1 76 94 20 26 36 3 5 23 62 74 29 9 26 73 92 18 54 25 83 94 27 81 38
53 38 50 69 75 67 59 19 66 43 9 26 94 22 93 45 46 63 4 47 88 60 11 29 56 10 66 51 61 72 46 56 31 3 6 81 18 39 14 45 54 61 83 90 37 79 71 40 26 33
97 16 18 51 1 72 37 81 19 11 15 41 78 54 81 100 10 63 8 78 6 15 59 57 84 63 85 65 61 28 78 29 32 33 66 17 90 82 2 29 81 30 35 53 61 53 39 60 98 56
49 98 94 13 26 80 76 11 85 30 4 54 11 30 35 68 91 100 29 3 48 18 28 20 21 26 60 94 53 51 71 34 76 92 87 77 99 18 44 38 23 50 100 66 41 70 48 69 28 70
13 79 96 2 29 39 72 66 33 100 97 1 90 25 53 27 83 100 10 69 69 45 40 39 16 76 67 74 83 85 21 42 21 98 26 42 40 35 96 48 96 61 17 1 26 66 25 8 14 56
87 50 37 14 56 28 42 2 88 75 97 88 39 36 68 89 92 67 10 22 24 20 12 16 82 94 74 96 67 48 1 78 5 4 66 55 36 58 89 80 56 86 37 6 79 17 21 30 82 79
