30 50 0.2 0.2
3540
3209
3002
3329
3292
3483
3335
2783
3227
3312
2781
2860
3425
3505
3137
3206
3278
3178
3461
3297
3508
2919
3292
3008
2937
3511
2819
3483
3051
3185
3177
3003
3549
3041
2826
3341
3024
2961
3348
3350
3467
2799
3117
3312
2885
2876
3548
2982
2805
3360

39 95 31 23 4 34 2 100 73 57 15 78 61 1 84 63 94 93 9 74 30 55 17 80 5 4 38 68 61 86 76 99 72 8 12 3 45 32 27 83 36 28 52 75 6 37 9 87 64 71
38 97 7 7 70 76 90 86 26 59 66 87 27 10 73 49 52 87 37 88 19 12 27 80 94 45 15 20 21 58 42 73 2 35 31 9 76 38 13 7 2 93 38 86 54 99 2 71 47 29
37 39 38 6 5 9 17 80 91 37 58 78 78 68 20 12 12 95 38 67 47 74 71 49 15 87 4 82 5 19 75 14 6 85 64 62 17 30 98 72 58 37 65 70 2 44 3 62 40 95
87 70 91 43 22 23 45 8 4 61 63 51 28 29 20 56 38 84 15 42 63 85 96 21 66 23 99 86 92 36 71 42 90 16 32 41 1 40 13 22 34 62 28 94 91 83 13 89 31 13
45 92 36 6 27 99 4 40 25 24 14 71 63 38 42 84 31 100 14 61 85 71 98 22 81 53 70 84 63 28 82 50 94 3 97 99 16 57 62 88 70 62 14 5 80 84 21 1 22
69 31 64 44 58 27 29 3 47 66 74 28 85 87 85 30 92 26 89 68 90 87 22 58 44 90 27 7 78 46 62 88 61 55 36 34 36 80 54 35 7 21 92 98 93 51 1 40 15
35 17 44 70 55 83 74 27 64 18 69 97 40 79 23 61 57 48 77 53 83 48 46 59 93 41 73 26 60 92 46 37 47 76 23 58 70 69 68 68 82 33 64 5 18 23 69 20 32
64 72 66 62 95 44 43 69 67 55 32 62 21 54 69 92 22 97 53 59 97 3 11 87 59 43 32 90 37 97 96 66 92 66 41 48 24 29 67 71 9 15 14 88 53 78 74 15 11
21 69 72 86 85 70 90 18 71 12 80 47 48 6 28 24 64 90 91 96 56 94 16 31 42 89 7 54 36 6 77 60 72 72 25 58 18 4 57 62 84 84 5 62 79 54 68 63 94 77
18 11 77 24 68 60 51 74 17 80 100 79 50 76 7 47 11 21 21 36 52 99 68 35 91 13 80 56 38 11 98 50 67 88 14 2 54 84 85 94 64 60 34 24 8 83 37 77 48
80 10 98 41 20 98 5 36 13 37 68 62 16 99 49 25 85 82 65 59 53 2 44 5 65 31 36 69 26 93 40 36 17 18 99 51 37 25 43 32 62 36 41 20 7 73 15 42 82 100
71 79 98 72 34 17 21 74 62 17 18 66 53 89 11 79 83 65 16 8 23 49 30 77 100 98 29 47 33 62 79 70 36 35 74 41 82 18 66 60 40 8 28 30 94 95 80 40 65 27
44 80 99 19 57 3 9 71 80 48 32 63 91 62 91 7 30 93 31 67 97 65 84 94 33 43 27 30 20 83 83 25 43 75 93 80 6 44 43 55 45 18 56 8 42 42 50 12 71 91
71 8 45 19 47 96 92 54 38 62 97 18 73 48 47 26 66 25 72 34 52 100 16 81 37 4 67 93 65 61 96 48 58 7 98 60 35 9 38 84 14 70 34 32 99 53 19 48 5 20
2 24 7 67 48 34 97 6 8 49 75 34 15 74 93 95 64 21 70 63 45 100 14 11 77 88 7 57 71 66 1 74 98 7 24 31 77 36 17 68 55 13 21 80 63 30 12 57 24 79
52 57 4 21 45 19 80 25 55 99 51 20 6 23 90 
