30 250 0.8 0.2
2133
2568
3668
2909
2000
4113
2815
3170
1859
3072
4053
4285
3175
2432
3196
2026
4279
2549
3793
3129
3525
2145
3614
2816
2651
3083
3690
2634
1815
2247
2236
2677
1555
3402
2335
3772
4095
2458
2555
2788
2373
3980
2688
3435
3297
1551
1547
1792
3256
2203
3295
4311
2555
3931
3260
3886
2512
3255
4160
3696
3452
3066
2831
3631
4015
3658
1814
3298
4195
2763
2717
2570
1967
4185
1669
4112
1844
2333
2371
3395
2307
1750
2120
3339
2926
3426
3066
2066
2786
3797
3856
1481
3088
3861
3994
4162
3639
2114
3276
2416
4199
3410
2060
4095
3410
3012
3912
3475
3750
2922
2856
2359
4012
3123
1944
3411
4193
1472
2646
3054
2590
4093
2514
4302
2893
3523
2077
1585
3973
2180
1525
2528
2522
2567
2461
1916
2274
3153
2402
4173
1630
3026
3482
1492
3553
3701
3012
2559
3524
4178
1466
3488
4005
1588
2765
3387
3867
3530
2834
3785
3130
1586
2142
4251
1776
3301
2433
3424
3236
3568
2245
4232
1575
2295
2653
2813
3611
3570
3269
4204
3007
4211
1734
2245
3264
3169
4244
3499
1787
3812
2194
3008
2130
4089
1767
2318
2857
1580
2838
4288
1640
4158
3365
1871
3155
2128
3018
3954
2804
3533
3217
3440
4260
1771
1469
3948
3579
2255
3034
2309
2958
2157
2057
3492
3330
2006
3826
1862
2350
2513
3028
4161
4254
3746
3583
2947
2787
3785
3737
3212
3416
1880
1593
2686
3720
3276
3012
1560
3194
2181

98 33 61 60 54 1 62 88 26 21 20 39 31 39 21 2 48 38 71 35 6 42 9 74 93 49 79 83 72 57 47 7 13 94 29 28 3 71 45 41 29 36 34 89 84 80 96 69 15 39 4 46 78 20 5 7 61 44 98 80 92 18 83 35 87 6 26 79 25 47 3 8 21 44 42 70 4 5 62 11 77 6 83 21 36 44 82 11 31 6 69 49 25 78 3 100 89 11 70 65 49 27 72 53 72 88 90 42 41 54 13 18 24 92 35 21 53 35 38 74 42 43 3 49 51 23 38 39 6 58 37 4 47 58 27 89 36 50 28 4 98 29 22 67 66 84 78 73 60 40 45 21 1 69 72 72 56 23 69 55 26 95 34 55 99 90 71 10 93 39 40 76 18 83 94 87 32 98 27 50 66 100 49 56 35 22 30 96 70 9 28 60 97 9 70 24 29 28 71 59 43 5 86 9 17 53 86 28 10 19 8 63 48 74 36 87 8 85 7 42 94 64 63 13 45 72 2 49 8 33 80 61 73 45 1 41 81 27 3 2 5 4 16 40 44 41 78 44 79 91
100 3 77 88 42 88 32 91 65 57 36 60 37 57 76 57 16 21 4 51 80 90 8 30 36 95 80 31 25 51 42 61 37 91 66 89 15 28 84 77 14 79 12 31 41 66 59 12 76 25 21 32 50 12 35 16 51 50 88 67 79 69 54 54 54 17 68 98 80 25 61 49 4 44 82 23 66 45 64 44 36 65 46 64 3 88 53 51 69 72 4 8 75 36 75 5 45 51 81 3 35 52 39 61 21 44 13 29 10 56 45 76 3 59 66 51 61 100 55 24 12 83 56 26 14 35 18 13 11 19 69 41 98 93 73 62 83 49 26 60 20 78 80 64 51 67 41 31 23 40 72 38 65 14 37 37 7 53 54 11 51 39 79 17 53 26 69 61 14 3 73 91 10 82 17 89 83 21 2 53 100 99 22 78 9 2 2 61 32 76 6 16 69 59 91 57 5 14 65 96 51 39 21 81 26 20 32 89 19 71 22 94 90 62 93 67 99 49 85 84 17 79 52 75 44 20 46 50 40 92 26 78 84 64 51 56 70 38 71 76 93 30 55 41 67 31 51 2 32 32
69 71 88 46 27 43 75 26 99 24 29 