50 50 0.2 0.2 
3132
3387
3240
3648
3239
3328
3357
3286
3152
3608
3466
3148
3021
3060
3609
3475
3362
3553
3438
3327
3683
3349
3166
3666
3042
2939
3184
3415
3270
3033
3057
3457
3398
3482
3205
3662
3405
3447
3549
3727
3179
3199
3408
3639
3162
3741
3336
3154
3069
3705

17 79 41 97 50 37 26 51 59 75 79 87 70 25 81 1 15 84 5 31 13 83 57 52 91 87 35 14 51 14 41 21 70 87 84 22 50 37 92 22 34 26 54 33 46 34 27 45 10 82
88 59 18 95 15 14 22 58 37 55 83 76 86 55 99 57 99 8 17 74 62 94 14 39 21 90 78 16 46 15 94 91 89 5 21 43 62 84 64 24 40 50 23 46 40 100 81 52 71 55
86 38 72 5 88 92 14 16 51 18 78 15 15 12 38 28 61 43 55 35 14 61 47 48 27 30 7 25 88 13 9 74 79 75 17 88 92 69 31 63 46 11 16 30 74 92 15 51 94 75
94 37 98 92 76 79 89 89 18 31 68 84 100 7 26 95 60 11 46 5 56 27 30 3 15 18 82 89 49 93 48 39 12 50 40 60 78 77 32 7 11 33 8 14 39 91 73 30 68 97
91 13 63 62 1 56 41 78 65 87 2 12 24 6 94 13 92 12 20 56 93 38 32 38 79 30 99 80 100 16 84 42 81 32 87 24 25 75 39 77 23 81 62 20 54 3 82 50 52 38
44 53 53 38 39 69 20 30 23 35 57 84 48 88 30 3 31 49 56 52 9 40 87 53 70 52 52 95 64 82 61 94 28 87 37 65 31 39 83 56 99 2 43 84 93 53 93 84 19 98
15 11 80 36 70 35 2 15 90 40 6 24 36 86 8 61 40 2 41 30 33 7 58 67 17 74 49 82 58 77 36 60 5 90 49 73 40 14 85 59 13 54 51 44 94 92 59 36 44 64
88 48 23 83 66 57 88 61 74 84 58 4 44 69 6 27 2 10 21 9 86 39 88 78 68 38 34 51 81 7 87 34 50 17 75 4 20 69 48 93 87 90 33 39 30 50 23 20 45 19
22 98 88 20 48 57 49 83 43 41 68 43 83 91 4 22 29 33 8 31 21 55 92 16 37 70 94 60 87 49 76 71 7 81 28 92 28 52 3 35 94 71 38 25 13 32 32 67 17 47
60 62 63 35 89 92 90 44 48 89 58 91 35 27 57 61 71 65 91 3 9 91 99 81 62 77 7 37 80 67 60 79 95 88 87 18 85 77 24 59 68 99 92 11 54 99 66 77 53 67
96 38 82 38 55 16 15 6 24 1 72 81 79 61 5 42 5 67 89 78 78 42 88 23 13 67 78 79 60 15 39 25 76 34 89 83 40 24 95 20 10 95 85 52 23 100 24 2 87 89
13 90 44 88 96 94 9 95 36 60 67 25 69 58 3 38 82 59 53 18 73 57 83 62 49 43 54 7 54 84 75 67 40 65 10 50 81 73 63 88 8 67 10 61 98 41 66 58 78 30
87 10 92 61 2 61 3 68 74 63 9 89 12 24 28 19 52 71 21 20 46 99 39 64 51 68 85 17 32 59 99 98 79 9 35 62 37 6 49 100 71 50 25 17 97 81 
27 65 22 30
70 25 29 16 29 69 85 65 99 58 65 76 89 84 23 62 14 79 43 45 87 93 80 79 59 94 65 92 66 66 70 70 49 47 12 49 13 92 65 11 49 53 61 90 24 2 8 88 60 24
13 46 94 22 69 36 6 57 38 20 92 38 75 49 32 64 48 35 8 18 78 73 47 33 12 19 54 91 62 100 63 57 29 44 60 51 59 79 16 24 77 86 61 22 73 67 92 9 50 37
71 25 75 22 91 76 93 11 96 32 26 59 47 100 69 60 91 25 94 39 100 62 35 55 65 46 24 57 4 15 8 13 35 97 37 80 97 93 83 30 56 38 26 90 78 86 83 76 67 65
78 46 98 85 25 87 27 51 79 99 86 39 81 98 9 69 30 27 93 84 81 69 89 36 11 99 41 89 35 86 16 34 35 47 70 14 41 75 10 11 40 73 95 61 76 51 83 52 14 42
24 60 23 19 60 14 61 2 48 15 29 93 42 100 25 57 16 61 37 97 11 46 62 24 36 32 20 41 98 76 54 86 5 94 38 45 88 100 34 23 6 49 100 32 93 60 84 1 40 32
97 43 20 69 34 68 89 47 34 100 47 17 86 73 92 93 3 85 60 2 72 18 30 53 18 28 80 10 5 5 2 75 84 4 80 89 57 23 45 32 97 76 23 24 53 48 99 90 32 52
73 31 74 71 11 49 88 88 85 95 42 96 48 12 34 38 36 44 33 24 22 24 66 7 8 28 16 54 58 78 30 60 31 6 26 48 6 14 19 98 33 6 21 34 53 82 73 3 47 80
90 61 2 39 46 16 61 99 38 17 33 73 72 39 57 60 100 96 92 93 30 57 2 97 72 78 16 74 65 87 38 36 64 13 96 4 88 65 39 83 95 14 24 76 16 98 37 50 1 91
29 38 54 61 100 57 85 45 46 60 51 56 6 54 13 68 22 72 2 87 24 81 34 86 91 60 44 76 30 80 72 97 48 92 40 99 30 82 100 14 11 15 63 70 78 73 62 73 14 41
85 41 11 24 16 16 73 45 61 92 51 57 29 40 25 8 41 3 23 28 43 31 98 49 37 73 57 7 42 21 60 81 62 94 60 88 83 74 22 25 99 77 85 97 35 30 61 89 57 43
88 66 70 48 26 38 33 7 37 33 100 59 65 6 32 17 97 19 95 37 77 33 85 76 76 18 4 32 16 34 66 34 87 76 22 96 10 15 59 91 98 7 18 94 54 45 31 94 53 39
55 77 62 67 23 7 41 58 54 93 43 14 59 62 93 75 46 70 55 46 10 7 48 44 49 28 44 88 33 86 56 5 88 55 99 49 70 25 94 36 60 45 20 38 5 61 39 97 62 4
63 59 100 32 54 4 34 44 87 62 34 82 64 7 95 1 51 90 100 68 43 41 57 34 59 12 70 94 2 59 67 81 52 46 20 65 55 76 11 23 70 12 70 43 68 81 74 97 8 3
30 73 44 10 63 26 64 83 68 95 71 51 25 8 77 6 67 40 58 86 33 17 75 13 24 58 52 76 61 56 22 20 18 96 11 1 26 22 10 48 75 8 62 13 72 75 56 60 35 84
28 70 68 69 85 53 61 27 55 1 51 28 53 88 56 57 62 63 63 35 33 5 51 42 37 8 55 94 30 9 22 29 64 59 21 6 43 89 25 22 81 96 85 60 24 12 99 20 13 67
87 46 66 58 89 18 86 53 19 86 59 93 28 22 74 63 21 47 23 80 3 64 17 23 9 56 82 33 2 13 83 20 41 50 7 45 58 44 22 97 34 69 3 67 30 90 85 59 18 71
31 83 24 33 91 38 94 19 49 11 13 24 58 96 85 1 75 32 65 70 99 66 68 6 87 15 57 87 69 40 97 20 38 29 83 94 64 32 63 49 12 70 53 11 28 42 92 71 82 74
66 36 67 2 33 67 42 2 25 11 64 11 42 70 81 87 11 17 54 26 2 38 75 76 21 35 7 20 13 51 76 19 55 9 87 11 86 15 29 9 100 19 63 61 68 22 81 95 30 85
24 91 51 94 100 47 78 28 20 89 98 20 5 92 10 45 42 26 14 92 77 60 96 64 25 39 61 5 30 37 50 94 67 100 30 49 82 50 45 61 64 50 15 94 21 57 6 64 33 98
54 87 34 54 64 94 29 95 66 27 62 97 29 62 17 31 53 45 46 45 13 34 80 1 47 13 89 93 71 32 38 73 50 65 36 50 68 43 97 61 48 49 91 88 78 23 6 55 89 97
14 66 49 55 73 12 62 92 69 54 21 27 35 42 6 56 19 8 16 22 36 17 42 73 12 93 51 99 25 2 66 54 37 19 52 35 38 87 8 76 46 92 99 29 65 41 32 70 52 94
55 42 77 81 75 21 86 28 70 20 50 75 5 10 50 8 91 41 15 7 34 79 32 81 51 15 81 95 55 3 11 7 36 38 74 73 35 21 6 72 34 33 28 44 4 13 33 21 46 52
97 77 10 72 50 35 38 52 35 82 3 34 44 95 46 62 59 10 82 98 81 39 39 12 36 63 85 26 24 56 22 63 47 24 75 26 5 76 97 12 41 93 93 61 55 21 89 50 76 44
97 46 22 62 23 7 24 34 98 57 15 81 13 50 84 84 40 7 80 31 6 10 8 49 11 26 27 36 72 7 16 17 32 19 68 44 44 29 74 20 32 22 94 2 56 3 5 71 30 55
1 83 93 89 50 99 94 5 20 28 24 15 48 64 99 1 25 95 10 61 34 9 78 81 36 10 31 4 46 15 79 2 36 99 31 7 100 69 86 10 72 31 35 55 5 47 20 43 8 95
43 2 11 99 76 13 2 9 68 78 43 24 28 15 51 3 27 26 64 21 34 16 49 62 3 80 82 73 95 35 13 37 15 34 35 32 88 40 90 69 8 70 77 82 41 4 99 97 26 27
23 54 82 20 39 38 25 95 9 92 13 98 51 92 47 58 44 11 12 24 13 13 28 57 81 96 57 76 83 98 90 63 98 21 30 38 37 95 57 52 83 86 21 21 8 52 16 32 24 71
97 4 64 15 48 100 18 92 15 62 30 23 64 25 64 97 87 69 94 75 38 81 18 62 20 68 64 14 73 87 90 79 28 96 64 44 11 85 44 31 12 35 22 44 2 36 78 72 19 78
82 86 4 55 51 66 85 63 70 94 47 74 62 94 63 61 48 14 77 42 92 9 87 41 15 29 67 11 33 59 97 77 51 13 15 22 90 14 100 15 75 52 23 46 15 41 82 62 6 89
8 75 89 37 88 75 85 20 89 87 36 80 43 32 93 24 7 96 61 52 62 70 28 31 54 1 28 97 41 63 88 4 67 9 14 85 74 70 47 40 38 96 18 19 8 79 74 30 60 13
37 5 50 76 32 7 25 73 4 84 25 62 74 14 97 60 87 61 56 32 51 94 34 75 76 7 60 69 55 62 96 32 4 7 100 27 14 49 88 90 65 52 62 26 45 33 27 67 41 43
25 67 85 50 49 66 94 27 91 57 45 25 78 62 35 72 21 99 86 72 28 47 30 68 43 86 36 24 5 89 31 78 73 1 36 81 33 2 34 99 61 83 80 51 92 15 40 40 100 86
27 4 40 39 14 94 20 20 34 100 23 1 82 52 95 12 28 49 93 68 65 47 70 67 54 19 5 45 54 88 52 81 52 30 77 49 33 22 69 60 70 65 47 5 25 4 86 32 27 25
47 61 32 88 41 58 75 75 80 84 11 38 19 30 48 12 83 56 68 95 37 68 63 9 40 41 60 69 35 40 23 9 67 70 87 72 25 28 18 100 10 95 28 79 51 54 89 22 38 95
72 57 5 17 56 32 5 22 10 4 75 90 96 6 40 32 11 100 83 64 36 65 49 79 55 53 17 65 95 39 94 72 76 71 35 38 45 41 28 81 87 16 97 61 62 20 82 76 78 71
85 8 60 32 72 24 39 23 50 6 25 99 16 79 65 61 35 66 75 37 52 38 20 27 31 55 24 55 47 2 9 40 8 22 89 37 26 31 44 69 30 49 22 72 89 38 27 87 20 56
71 45 1 76 28 94 49 12 49 27 40 79 72 84 12 15 47 57 9 60 63 1 2 38 84 30 47 98 2 58 45 35 11 11 25 1 56 35 23 80 25 19 27 100 68 74 8 51 79 10