30 150 0.8 0.2
2429
1650
1258
1695
2242
995
1876
865
1375
1199
1613
2043
2365
1932
2020
1718
1413
1487
2169
2387
1257
2421
932
1584
1358
2112
2181
2250
2218
1977
2368
1117
1899
904
872
2140
2138
2340
1966
2248
1562
1352
1687
1739
1772
2338
1568
1059
1468
1055
2383
1089
1031
1251
1783
1049
1056
951
1558
2366
2505
1942
2022
1423
2069
1802
1470
2534
1006
1113
2497
927
1019
2182
2032
2034
1308
1539
1384
1928
1497
2380
1628
1540
2221
1698
2306
1118
2422
2160
2099
1812
1886
977
1218
954
2475
1008
1036
1897
930
1362
1963
1652
2541
1396
1167
2425
1417
2025
905
2439
902
1001
1014
1832
1685
1410
1860
2493
2215
1799
1233
924
1370
1405
1585
2517
2501
1863
2237
2377
1820
1726
2324
1847
1521
2036
2122
2403
2156
1605
1323
1898
1296
1008
2325
1995
1119
2012

58 38 82 57 60 61 96 56 39 45 3 78 15 36 81 10 10 97 73 15 84 59 6 6 95 68 4 5 89 45 46 64 24 47 23 25 62 52 7 56 94 9 8 84 68 72 33 98 67 90 80 62 52 62 92 14 30 38 18 28 79 33 27 37 7 33 99 9 99 30 55 62 50 97 92 22 14 3 9 35 51 15 35 33 67 69 58 48 15 48 54 72 68 77 46 56 30 14 52 69 22 86 84 66 18 11 61 45 20 92 49 73 1 60 60 98 65 84 36 2 17 28 7 72 72 96 99 12 13 38 38 99 36 99 14 64 47 5 61 37 13 21 6 78 37 44 40 83 60 3
3 92 50 94 79 98 71 9 27 25 79 93 13 54 95 6 5 35 7 19 75 9 25 24 81 97 63 10 39 93 71 36 29 7 33 21 18 12 58 81 49 91 91 44 92 25 62 76 72 18 93 84 64 82 18 50 85 11 95 63 62 25 43 13 72 3 81 78 20 91 17 67 60 84 88 5 95 26 94 81 39 61 22 19 25 33 33 83 85 5 2 91 52 2 17 62 65 37 60 34 1 74 31 53 76 30 24 95 33 74 54 41 94 64 96 13 96 17 9 6 73 6 57 10 97 57 23 76 29 62 100 66 79 24 98 95 87 33 43 38 45 79 63 40 70 36 36 64 80 31
10 83 45 43 34 25 71 32 3 88 18 25 98 74 29 12 9 16 40 66 95 40 26 69 1 84 93 85 5 64 35 17 58 88 8 75 47 4 36 8 81 65 80 49 67 93 85 54 81 58 96 23 45 18 53 10 50 36 67 23 19 100 14 86 98 85 56 46 42 15 73 85 28 50 72 75 95 40 68 69 95 15 42 21 92 62 12 19 29 25 94 12 58 75 38 24 55 88 8 68 97 87 50 20 93 4 91 99 62 68 79 21 56 24 100 100 72 1 96 21 67 20 39 77 43 39 46 96 39 29 34 94 10 75 100 89 47 33 61 5 64 13 40 51 48 41 62 56 50 72
50 67 88 22 25 61 71 26 63 53 81 28 56 7 7 53 97 90 57 63 40 6 93 70 11 36 77 34 69 1 22 89 56 97 80 97 82 39 3 20 93 43 70 66 13 31 22 19 62 57 63 7 23 47 14 14 71 56 81 62 71 80 22 19 42 90 54 82 30 51 13
