30 150 0.2 0.2
7415
6316
6108
6948
7035
6889
6227
7256
6194
6704
6757
7256
6635
6131
6556
7146
6611
6358
6091
7086
6430
6126
6904
7625
7685
7166
6143
7486
6452
7137
6492
6501
6847
6006
7316
6490
6951
6769
6520
7287
6401
7637
7261
7292
6789
6746
6670
6545
6829
7379
7514
7216
7209
6988
6479
7158
7238
6057
6838
7208
6130
7028
6799
6917
6899
6843
6409
7612
7680
6146
6649
6136
6573
7510
6633
7497
7255
6765
7452
6884
7030
6512
6455
6483
7252
6374
6581
6011
7098
6747
7623
6621
7048
6233
7040
7006
7471
6431
7561
6220
6844
6083
7137
6708
6553
6323
6655
7017
6166
6314
7445
7534
7183
7495
6955
6052
6538
7009
6858
6903
6998
7442
6528
6689
7105
6824
7636
6638
7442
6615
6320
6806
7043
7571
7587
6291
6919
6462
6996
6253
6239
6017
6164
6722
7260
6876
6221
7017
7130
7125

58 38 82 57 60 61 96 56 39 45 3 78 15 36 81 10 10 97 73 15 84 59 6 6 95 68 4 5 89 45 46 64 24 47 23 25 62 52 7 56 94 9 8 84 68 72 33 98 67 90 80 62 52 62 92 14 30 38 18 28 79 33 27 37 7 33 99 9 99 30 55 62 50 97 92 22 14 3 9 35 51 15 35 33 67 69 58 48 15 48 54 72 68 77 46 56 30 14 52 69 22 86 84 66 18 11 61 45 20 92 49 73 1 60 60 98 65 84 36 2 17 28 7 72 72 96 99 12 13 38 38 99 36 99 14 64 47 5 61 37 13 21 6 78 37 44 40 83 60 3
3 92 50 94 79 98 71 9 27 25 79 93 13 54 95 6 5 35 7 19 75 9 25 24 81 97 63 10 39 93 71 36 29 7 33 21 18 12 58 81 49 91 91 44 92 25 62 76 72 18 93 84 64 82 18 50 85 11 95 63 62 25 43 13 72 3 81 78 20 91 17 67 60 84 88 5 95 26 94 81 39 61 22 19 25 33 33 83 85 5 2 91 52 2 17 62 65 37 60 34 1 74 31 53 76 30 24 95 33 74 54 41 94 64 96 13 96 17 9 6 73 6 57 10 97 57 23 76 29 62 100 66 79 24 98 95 87 33 43 38 45 79 63 40 70 36 36 64 80 31
10 83 45 43 34 25 71 32 3 88 18 25 98 74 29 12 9 16 40 66 95 40 26 69 1 84 93 85 5 64 35 17 58 88 8 75 47 4 36 8 81 65 80 49 67 93 85 54 81 58 96 23 45 18 53 10 50 36 67 23 19 100 14 86 98 85 56 46 42 15 73 85 28 50 72 75 95 40 68 69 95 15 42 21 92 62 12 19 29 25 94 12 58 75 38 24 55 88 8 68 97 87 50 20 93 4 91 99 62 68 79 21 56 24 100 100 72 1 96 21 67 20 39 77 43 39 46 96 39 29 34 94 10 75 100 89 47 33 61 5 64 13 40 51 48 41 62 56 50 72
50 67 88 22 25 61 71 26 63 53 81 28 56 7 7 53 97 90 57 63 40 6 93 70 11 36 77 34 69 1 22 89 56 97 80 97 82 39 3 20 93 43 70 66 13 31 22 19 62 57 63 7 23 47 14 14 71 56 81 62 71 80 22 19 42 90 54 82 30 51 13
