
Calculando TP
TP calculada
Sequência de Tarefas - Solução Inicial EDD
Atraso Máximo da solução inicial EDD: 1.4843e+06

Atraso Máximo da solução inicial Tempos Medios: 1.4878e+06

ITERAÇÃO: 1 - Atraso: 1.4878e+06

ITERAÇÃO: 1 - Atraso: 1.45064e+06

ITERAÇÃO: 1 - Atraso: 1.43026e+06

ITERAÇÃO: 1 - Atraso: 1.41207e+06

ITERAÇÃO: 1 - Atraso: 1.40314e+06

ITERAÇÃO: 1 - Atraso: 1.39571e+06

ITERAÇÃO: 1 - Atraso: 1.39171e+06

ITERAÇÃO: 1 - Atraso: 1.38884e+06

ITERAÇÃO: 1 - Atraso: 1.38141e+06

ITERAÇÃO: 1 - Atraso: 1.37614e+06

ITERAÇÃO: 1 - Atraso: 1.37544e+06

ITERAÇÃO: 1 - Atraso: 1.37148e+06

ITERAÇÃO: 2 - Atraso: 1.37148e+06

ITERAÇÃO: 1 - Atraso: 1.36791e+06

ITERAÇÃO: 1 - Atraso: 1.36264e+06

ITERAÇÃO: 1 - Atraso: 1.3593e+06

ITERAÇÃO: 1 - Atraso: 1.35769e+06

ITERAÇÃO: 1 - Atraso: 1.35681e+06

ITERAÇÃO: 1 - Atraso: 1.35159e+06

ITERAÇÃO: 1 - Atraso: 1.35042e+06

ITERAÇÃO: 2 - Atraso: 1.35042e+06

ITERAÇÃO: 3 - Atraso: 1.35042e+06

ITERAÇÃO: 1 - Atraso: 1.34701e+06

ITERAÇÃO: 2 - Atraso: 1.34701e+06

ITERAÇÃO: 3 - Atraso: 1.34701e+06

ITERAÇÃO: 4 - Atraso: 1.34701e+06

ITERAÇÃO: 1 - Atraso: 1.34269e+06

ITERAÇÃO: 1 - Atraso: 1.34192e+06

ITERAÇÃO: 1 - Atraso: 1.33925e+06

ITERAÇÃO: 2 - Atraso: 1.33925e+06

ITERAÇÃO: 3 - Atraso: 1.33925e+06

ITERAÇÃO: 1 - Atraso: 1.33841e+06

ITERAÇÃO: 2 - Atraso: 1.33841e+06

ITERAÇÃO: 1 - Atraso: 1.33563e+06

ITERAÇÃO: 1 - Atraso: 1.33256e+06

ITERAÇÃO: 1 - Atraso: 1.3299e+06

ITERAÇÃO: 1 - Atraso: 1.32746e+06

ITERAÇÃO: 2 - Atraso: 1.32746e+06

ITERAÇÃO: 3 - Atraso: 1.32746e+06

ITERAÇÃO: 4 - Atraso: 1.32746e+06

ITERAÇÃO: 5 - Atraso: 1.32746e+06

ITERAÇÃO: 6 - Atraso: 1.32746e+06

ITERAÇÃO: 7 - Atraso: 1.32746e+06

ITERAÇÃO: 8 - Atraso: 1.32746e+06

ITERAÇÃO: 9 - Atraso: 1.32746e+06

ITERAÇÃO: 10 - Atraso: 1.32746e+06

ITERAÇÃO: 1 - Atraso: 1.32477e+06

ITERAÇÃO: 1 - Atraso: 1.32204e+06

ITERAÇÃO: 2 - Atraso: 1.32204e+06

ITERAÇÃO: 1 - Atraso: 1.32093e+06

ITERAÇÃO: 2 - Atraso: 1.32093e+06

ITERAÇÃO: 1 - Atraso: 1.32042e+06

ITERAÇÃO: 2 - Atraso: 1.32042e+06

ITERAÇÃO: 3 - Atraso: 1.32042e+06

ITERAÇÃO: 4 - Atraso: 1.32042e+06

ITERAÇÃO: 5 - Atraso: 1.32042e+06

ITERAÇÃO: 6 - Atraso: 1.32042e+06

ITERAÇÃO: 7 - Atraso: 1.32042e+06

ITERAÇÃO: 8 - Atraso: 1.32042e+06

ITERAÇÃO: 9 - Atraso: 1.32042e+06

ITERAÇÃO: 10 - Atraso: 1.32042e+06

ITERAÇÃO: 11 - Atraso: 1.32042e+06

ITERAÇÃO: 12 - Atraso: 1.32042e+06

ITERAÇÃO: 13 - Atraso: 1.32042e+06

ITERAÇÃO: 14 - Atraso: 1.32042e+06

ITERAÇÃO: 15 - Atraso: 1.32042e+06

ITERAÇÃO: 16 - Atraso: 1.32042e+06

ITERAÇÃO: 17 - Atraso: 1.32042e+06

ITERAÇÃO: 18 - Atraso: 1.32042e+06

ITERAÇÃO: 19 - Atraso: 1.32042e+06

ITERAÇÃO: 20 - Atraso: 1.32042e+06

ITERAÇÃO: 21 - Atraso: 1.32042e+06

ITERAÇÃO: 22 - Atraso: 1.32042e+06

ITERAÇÃO: 23 - Atraso: 1.32042e+06

ITERAÇÃO: 24 - Atraso: 1.32042e+06

ITERAÇÃO: 25 - Atraso: 1.32042e+06

ITERAÇÃO: 26 - Atraso: 1.32042e+06

ITERAÇÃO: 27 - Atraso: 1.32042e+06

ITERAÇÃO: 28 - Atraso: 1.32042e+06

ITERAÇÃO: 29 - Atraso: 1.32042e+06

ITERAÇÃO: 30 - Atraso: 1.32042e+06

Atraso Máximo Iterated Greedy (IG): 1.32042e+06
Sequência de Tarefas - Solução Final IGA
204 188 33 78 61 350 287 251 11 302 96 112 341 144 64 98 134 346 55 45 70 274 234 330 99 114 178 174 186 266 167 119 320 25 284 324 316 259 275 123 171 40 343 214 288 265 27 315 28 159 147 250 243 172 44 34 264 146 348 268 253 249 81 62 301 311 80 162 166 237 20 8 7 280 50 53 192 317 240 107 196 39 24 312 222 102 187 52 68 132 23 22 72 117 94 109 201 227 221 254 138 126 65 339 278 36 345 349 164 54 206 103 67 58 135 332 313 323 35 18 257 211 175 152 17 199 97 183 279 108 9 89 338 111 322 43 48 37 130 71 270 13 223 342 14 296 49 327 195 291 272 115 203 289 145 2 47 210 124 328 38 19 335 157 150 277 241 334 208 21 90 51 57 3 220 136 60 331 247 85 200 15 153 242 303 217 308 267 181 255 158 336 177 125 325 282 304 273 231 294 179 306 269 149 59 104 261 202 258 184 73 256 189 139 82 110 245 101 161 263 118 142 176 128 87 131 293 292 286 143 30 26 205 226 252 122 41 190 262 219 100 191 193 329 318 290 271 207 4 297 239 298 319 32 121 120 163 155 215 180 285 92 300 129 260 198 56 182 228 141 305 69 344 235 42 236 209 170 148 218 46 283 233 281 310 151 66 10 169 225 216 16 248 86 140 84 160 6 75 276 93 79 173 113 127 168 307 326 347 194 95 88 83 116 299 238 1 29 321 154 244 197 137 246 5 63 74 91 12 165 133 232 213 31 224 295 314 76 309 156 333 106 229 337 212 77 340 185 230 105 Iniciando Busca Local modo: 1

Sequencia inicial 1 -> 1.32042e+06
Atraso Máximo Iterated Greedy with Local Search 1 (IGA - LS1): 1.32042e+06
Sequência de Tarefas - Solução Final IGA Local Search 1
204 188 33 78 61 350 287 251 11 302 96 112 341 144 64 98 134 346 55 45 70 274 234 330 99 114 178 174 186 266 167 119 320 25 284 324 316 259 275 123 171 40 343 214 288 265 27 315 28 159 147 250 243 172 44 34 264 146 348 268 253 249 81 62 301 311 80 162 166 237 20 8 7 280 50 53 192 317 240 107 196 39 24 312 222 102 187 52 68 132 23 22 72 117 94 109 201 227 221 254 138 126 65 339 278 36 345 349 164 54 206 103 67 58 135 332 313 323 35 18 257 211 175 152 17 199 97 183 279 108 9 89 338 111 322 43 48 37 130 71 270 13 223 342 14 296 49 327 195 291 272 115 203 289 145 2 47 210 124 328 38 19 335 157 150 277 241 334 208 21 90 51 57 3 220 136 60 331 247 85 200 15 153 242 303 217 308 267 181 255 158 336 177 125 325 282 304 273 231 294 179 306 269 149 59 104 261 202 258 184 73 256 189 139 82 110 245 101 161 263 118 142 176 128 87 131 293 292 286 143 30 26 205 226 252 122 41 190 262 219 100 191 193 329 318 290 271 207 4 297 239 298 319 32 121 120 163 155 215 180 285 92 300 129 260 198 56 182 228 141 305 69 344 235 42 236 209 170 148 218 46 283 233 281 310 151 66 10 169 225 216 16 248 86 140 84 160 6 75 276 93 79 173 113 127 168 307 326 347 194 95 88 83 116 299 238 1 29 321 154 244 197 137 246 5 63 74 91 12 165 133 232 213 31 224 295 314 76 309 156 333 106 229 337 212 77 340 185 230 105 