Máquinas: 5
Tarefas: 20

Datas de Entrega:
1075
1201
1089
1226
1140
1089
1089
1095
1245
1228
1183
1051
1222
1051
1193
1127
1025
1235
1146
1066

Tempos de Processamento:
1 47 98 90 4 70 17 54 82 36 92 97 5 97 51 5 18 68 3 92 
94 22 4 89 67 87 19 31 28 85 50 73 28 31 70 98 90 58 78 65 
57 62 51 99 71 53 99 40 32 100 20 71 82 81 6 14 45 17 60 13 
11 24 12 77 59 38 36 86 36 36 91 78 47 6 94 2 12 70 76 78 
93 84 27 62 34 92 64 62 68 73 86 58 55 88 55 40 6 27 86 65 

Tempos Médios - Solução Inicial:
(12, 13.939)
(4, 14.7002)
(6, 16.0147)
(20, 17.0288)
(14, 17.3432)
(11, 17.4484)
(10, 18.6061)
(19, 18.9109)
(8, 20.0549)
(1, 20.9961)
(15, 21.6123)
(7, 23.1702)
(5, 24.2553)
(2, 25.1255)
(9, 25.3049)
(18, 25.7292)
(13, 28.1567)
(3, 28.3594)
(17, 29.9708)
(16, 35.4403)

97-0-0
Sequência de Tarefas - Solução Final
12 4 20 19 11 10 6 14 1 2 15 7 9 13 8 5 16 3 18 17 
Atraso Máximo: 6864
Tempo: 0.268486 segundos
