Máquinas: 3
Tarefas: 20

Datas de Entrega:
180
133
254
107
168
248
187
214
236
214
120
205
135
144
164
94
163
171
132
204

Tempos de Processamento:
24 14 21 10 45 54 30 93 81 76 27 42 99 94 77 41 17 62 13 42 
48 33 32 68 82 27 19 49 6 29 8 94 53 5 12 72 5 7 98 36 
45 1 46 53 69 94 11 24 42 52 9 32 81 28 26 4 30 23 61 87 

Tempos Médios - Solução Inicial:
(13, 1.7382)
(19, 2.30233)
(16, 2.41026)
(4, 2.45038)
(5, 2.57143)
(14, 3.40157)
(12, 3.66071)
(20, 3.70909)
(8, 3.86747)
(10, 4.08917)
(6, 4.25143)
(15, 4.27826)
(1, 4.61538)
(9, 5.48837)
(18, 5.57609)
(3, 7.69697)
(11, 8.18182)
(2, 8.3125)
(7, 9.35)
(17, 9.40385)

99-0-0
Sequência de Tarefas - Solução Final
13 14 8 5 9 19 6 4 10 12 15 1 20 16 17 3 18 2 7 11 
Atraso Máximo: 5017
Tempo: 0.180967 segundos
