Máquinas: 10
Tarefas: 50

Datas de Entrega:
2390
2332
2512
2576
2473
2470
2057
2504
2528
2583
2326
2150
2058
2052
2499
2379
2103
2237
2342
2068
2165
2451
2103
2223
2108
2461
2072
2172
2497
2371
2343
2099
2411
2049
2516
2225
2109
2096
2059
2081
2472
2430
2193
2083
2452
2317
2590
2577
2323
2570

Tempos de Processamento:
50 20 14 79 58 41 83 74 94 55 7 94 41 2 65 88 24 44 27 9 29 20 47 21 70 99 37 71 69 72 59 59 27 53 17 67 11 81 61 21 47 77 7 91 43 17 38 44 85 91 
16 18 27 15 4 76 86 95 73 14 38 65 53 85 15 75 52 92 98 98 77 6 30 7 83 8 72 16 32 96 43 67 88 7 99 47 89 60 32 96 19 27 93 57 82 12 47 83 73 45 
89 31 36 53 43 12 15 61 46 52 63 55 4 65 43 46 5 48 32 94 31 100 50 5 20 94 37 43 78 42 76 4 28 28 47 9 19 30 76 30 78 84 67 62 53 44 6 42 21 44 
7 45 57 70 90 93 83 5 53 40 100 19 73 1 33 76 27 10 64 28 27 11 73 62 59 25 10 8 1 41 66 53 35 61 45 85 14 38 1 85 13 9 77 1 52 29 65 84 38 64 
96 58 9 68 37 73 34 82 50 45 37 32 22 65 94 49 20 24 73 99 92 93 5 68 57 65 1 76 94 20 26 36 3 5 23 62 74 29 9 26 73 92 18 54 25 83 94 27 81 38 
53 38 50 69 75 67 59 19 66 43 9 26 94 22 93 45 46 63 4 47 88 60 11 29 56 10 66 51 61 72 46 56 31 3 6 81 18 39 14 45 54 61 83 90 37 79 71 40 26 33 
97 16 18 51 1 72 37 81 19 11 15 41 78 54 81 100 10 63 8 78 6 15 59 57 84 63 85 65 61 28 78 29 32 33 66 17 90 82 2 29 81 30 35 53 61 53 39 60 98 56 
49 98 94 13 26 80 76 11 85 30 4 54 11 30 35 68 91 100 29 3 48 18 28 20 21 26 60 94 53 51 71 34 76 92 87 77 99 18 44 38 23 50 100 66 41 70 48 69 28 70 
13 79 96 2 29 39 72 66 33 100 97 1 90 25 53 27 83 100 10 69 69 45 40 39 16 76 67 74 83 85 21 42 21 98 26 42 40 35 96 48 96 61 17 1 26 66 25 8 14 56 
87 50 37 14 56 28 42 2 88 75 97 88 39 36 68 89 92 67 10 22 24 20 12 16 82 94 74 96 67 48 1 78 5 4 66 55 36 58 89 80 56 86 37 6 79 17 21 30 82 79 

Tempos Médios - Solução Inicial:
(7, 35.0426)
(16, 35.8824)
(28, 36.5657)
(18, 36.6121)
(20, 37.8062)
(25, 38.4672)
(27, 40.7073)
(13, 40.7525)
(36, 41.0517)
(43, 41.0674)
(9, 41.6474)
(29, 41.6861)
(40, 41.7871)
(42, 42.1144)
(6, 42.5129)
(49, 42.5458)
(30, 42.7207)
(1, 42.9084)
(37, 43.0408)
(15, 43.0862)
(44, 43.3056)
(26, 43.9464)
(21, 44.0937)
(38, 44.5957)
(50, 44.6181)
(12, 45.2632)
(41, 45.7778)
(32, 45.8297)
(17, 46.7333)
(31, 48.1109)
(39, 48.5613)
(45, 49.1383)
(46, 49.2979)
(11, 49.8073)
(8, 50.4839)
(2, 51.479)
(35, 52.1992)
(48, 52.9158)
(14, 53.2987)
(34, 53.3594)
(10, 55.5484)
(47, 57.0485)
(3, 57.3516)
(5, 59.0215)
(23, 59.2394)
(4, 59.3548)
(22, 63.1701)
(19, 65.9718)
(24, 68.6111)
(33, 69.6821)

83-0-0
Sequência de Tarefas - Solução Final
7 30 9 18 16 20 25 49 36 45 6 29 40 42 27 31 13 26 35 15 21 39 37 28 3 32 41 1 17 48 10 46 11 8 43 50 2 14 38 34 44 47 5 23 22 12 24 33 4 19 
Atraso Máximo: 36962
Tempo: 10.625 segundos
