Máquinas: 5
Tarefas: 20

Datas de Entrega:
249
274
322
401
356
251
225
331
213
181
171
254
305
280
324
347
293
279
158
227

Tempos de Processamento:
1 47 98 90 4 70 17 54 82 36 92 97 5 97 51 5 18 68 3 92 
94 22 4 89 67 87 19 31 28 85 50 73 28 31 70 98 90 58 78 65 
57 62 51 99 71 53 99 40 32 100 20 71 82 81 6 14 45 17 60 13 
11 24 12 77 59 38 36 86 36 36 91 78 47 6 94 2 12 70 76 78 
93 84 27 62 34 92 64 62 68 73 86 58 55 88 55 40 6 27 86 65 

Tempos Médios - Solução Inicial:
(11, 2.52212)
(19, 2.60726)
(10, 2.74242)
(12, 3.3687)
(20, 3.6262)
(6, 3.69118)
(9, 4.32927)
(14, 4.62046)
(7, 4.78723)
(4, 4.80815)
(1, 4.86328)
(2, 5.73222)
(18, 5.8125)
(15, 5.86957)
(8, 6.06227)
(13, 7.02765)
(5, 7.57447)
(3, 8.38542)
(17, 8.56725)
(16, 10.912)

92-0-0
Sequência de Tarefas - Solução Final
12 4 11 6 10 20 2 19 9 7 1 15 14 18 8 13 5 16 3 17 
Atraso Máximo: 7853
Tempo: 0.277594 segundos
