Máquinas: 2
Tarefas: 20

Datas de Entrega:
817
723
762
704
786
690
835
778
795
737
810
804
774
726
812
771
695
716
699
793

Tempos de Processamento:
4 40 83 85 70 70 48 62 49 64 5 26 99 33 89 73 89 47 99 39 
49 26 92 41 89 79 5 4 61 71 22 94 22 27 24 27 32 95 91 9 

Tempos Médios - Solução Inicial:
(19, 7.35789)
(3, 8.70857)
(6, 9.26174)
(5, 9.88679)
(18, 10.0845)
(10, 10.9185)
(4, 11.1746)
(17, 11.4876)
(13, 12.7934)
(12, 13.4)
(15, 14.3717)
(9, 14.4545)
(16, 15.42)
(2, 21.9091)
(8, 23.5758)
(14, 24.2)
(1, 30.8302)
(7, 31.5094)
(20, 33.0417)
(11, 60)

99-0-0
Sequência de Tarefas - Solução Final
19 13 17 15 3 5 4 6 18 10 12 9 16 2 8 14 1 7 11 20 
Atraso Máximo: 5381
Tempo: 0.118822 segundos
