Máquinas: 5
Tarefas: 10

Datas de Entrega:
434
439
509
415
432
450
420
517
520
503

Tempos de Processamento:
94 27 56 70 96 88 99 82 64 100 
16 37 29 78 83 70 53 46 57 15 
38 25 73 15 35 37 14 81 98 66 
28 77 96 69 78 3 86 43 86 84 
68 9 25 7 63 16 35 67 44 79 

Tempos Médios - Solução Inicial:
(5, 6.08451)
(10, 7.31105)
(7, 7.31707)
(9, 7.44986)
(8, 8.10345)
(4, 8.68201)
(1, 8.89344)
(3, 9.12186)
(6, 10.514)
(2, 12.5429)

96-0-0
Sequência de Tarefas - Solução Final
10 7 5 1 9 4 3 8 2 6 
Atraso Máximo: 3008
Tempo: 0.032401 segundos
