Máquinas: 3
Tarefas: 20

Datas de Entrega:
725
603
658
660
687
746
717
675
752
688
613
677
746
645
659
640
656
761
610
763

Tempos de Processamento:
24 14 21 10 45 54 30 93 81 76 27 42 99 94 77 41 17 62 13 42 
48 33 32 68 82 27 19 49 6 29 8 94 53 5 12 72 5 7 98 36 
45 1 46 53 69 94 11 24 42 52 9 32 81 28 26 4 30 23 61 87 

Tempos Médios - Solução Inicial:
(13, 9.60515)
(5, 10.5153)
(19, 10.6395)
(12, 12.0893)
(8, 12.1988)
(6, 12.7886)
(10, 13.1465)
(20, 13.8727)
(4, 15.1145)
(14, 15.2362)
(16, 16.4103)
(15, 17.1913)
(9, 17.4884)
(1, 18.5897)
(3, 19.9394)
(18, 24.8152)
(7, 35.85)
(2, 37.6875)
(17, 37.8462)
(11, 41.7955)

99-0-0
Sequência de Tarefas - Solução Final
13 14 8 5 12 10 6 20 19 9 4 15 1 3 16 18 17 2 7 11 
Atraso Máximo: 4411
Tempo: 0.174105 segundos
