Máquinas: 50
Tarefas: 350

Datas de Entrega:
3009
5455
3226
4593
2844
5689
2377
1967
5037
4093
3162
3530
2455
5238
1948
4969
4602
5189
3199
3367
2880
5541
5506
3047
3727
5045
4738
3419
5606
3077
2444
2336
2185
4018
1968
3943
3656
2740
2340
5371
2553
4383
4436
3857
5181
5360
3192
2318
2851
5218
2575
5104
2373
2577
2772
5120
3342
2389
2207
3608
3378
5499
3818
3999
3049
3778
2882
5613
2776
3431
4030
4571
4150
5329
2956
3539
5087
4946
3318
5740
5201
3797
2755
5185
2554
5300
5319
5494
4551
4749
4724
4617
4261
2707
3688
2416
4804
2052
3834
2553
4168
3521
3370
2533
4663
5306
3760
4945
2161
5192
4464
2824
5082
3241
3406
4341
3455
5055
5597
4781
5298
2903
3772
4153
3242
4082
3670
3968
4767
3935
3523
3621
4641
5228
4680
5571
2278
3026
3691
1947
2307
4527
3313
2028
2113
4533
2806
5711
2110
4008
4761
3478
2922
2070
5517
2900
4507
5536
1971
2940
4610
3234
5044
2249
3294
2961
3528
3307
3241
4099
5675
5590
2400
1981
2835
2095
4681
4789
5264
5557
2288
4222
3710
2767
4573
4291
2846
4662
2058
3960
2373
3278
5557
4025
3712
3888
2267
3887
4952
4319
4239
5765
5454
5382
2594
2091
3027
3438
2910
5710
4981
2971
4309
5230
4089
5299
4058
3072
3381
4019
4455
3589
2738
3925
5650
2478
5449
3960
5667
4224
3932
2381
4741
2005
5407
3364
2991
3829
1995
2244
5083
2251
4654
2906
5311
5046
5399
3989
5023
5247
2477
4594
2343
3207
4683
3451
3034
4498
4454
2482
4585
4003
3248
5225
4723
4627
2999
4566
3945
3017
4065
4235
3149
4091
3370
4345
3977
5193
3790
2079
2535
2891
5682
2061
2386
5155
2530
5215
3069
5009
3823
2628
2850
2601
5437
3501
3353
2208
3875
5221
2424
2386
2234
4344
5014
4172
3423
5024
3186
3345
5612
4472
4145
2122
4580
2718
2052
5516
3619
3054
5351
2163
4432
3254
4268
4647
2548
4244
4272
3715
2101
3482
4035
2097
4357
3284
4747
5318
5729
3693
4712
4112
2601
3211
3762
5415
3762
3120
5388
3734

Tempos de Processamento:
8 16 39 58 37 68 96 97 99 61 99 96 12 23 62 81 93 17 37 81 8 92 56 4 74 13 63 99 49 63 91 92 38 33 55 68 51 88 89 95 50 18 72 7 98 84 75 59 70 29 40 18 69 85 4 92 86 50 4 11 61 23 20 32 86 62 61 19 32 25 92 76 77 69 7 55 93 98 18 18 5 14 24 84 76 47 55 5 52 98 74 93 18 50 8 67 44 10 66 9 56 9 67 43 5 96 97 1 9 96 28 72 3 84 62 22 50 73 64 84 100 59 56 56 35 44 65 98 74 27 84 100 7 76 12 15 29 60 14 98 54 34 35 33 1 55 44 34 51 27 68 25 83 17 86 51 11 40 40 74 11 88 11 90 91 13 79 97 57 30 37 49 67 11 25 1 90 63 11 63 60 99 7 94 16 69 22 73 42 92 34 97 87 97 36 61 70 47 28 45 74 79 54 65 65 37 26 65 65 72 16 48 10 28 30 1 28 57 23 59 41 90 76 51 85 4 45 6 40 2 73 20 60 45 51 92 42 69 51 72 63 80 89 62 62 73 94 1 63 66 64 68 58 44 47 6 90 52 81 89 61 91 36 67 3 81 15 33 63 66 28 94 92 52 74 92 38 73 57 13 12 68 16 84 45 34 16 16 88 82 27 76 29 52 16 2 16 85 36 83 5 30 69 60 7 76 95 88 65 22 55 87 39 87 55 26 56 30 26 24 43 98 88 68 56 39 53 13 31 59 17 37 60 42 55 82 55 52 61 41 12 17 75 32 77 6 9 40 100 100 
37 63 97 4 66 10 27 50 75 63 9 61 33 19 29 75 86 44 71 84 85 88 11 50 54 4 22 43 5 78 58 74 2 23 92 8 3 94 37 53 75 85 71 16 52 36 94 60 100 51 26 72 72 43 61 24 55 90 9 6 90 65 62 3 79 56 25 28 52 82 21 40 24 96 84 37 59 73 41 7 41 40 90 85 34 17 72 99 59 58 78 34 70 54 22 67 81 11 31 60 55 74 24 48 15 57 91 40 53 77 30 66 83 19 52 78 64 70 47 26 10 61 59 16 100 69 91 61 98 64 72 45 36 82 25 10 33 29 34 11 18 31 79 31 42 48 35 43 75 34 91 60 38 49 80 15 27 62 91 22 55 74 48 53 9 71 17 64 73 92 61 50 85 31 95 16 73 70 1 57 9 41 20 45 17 39 41 42 36 60 43 43 11 7 19 95 14 57 67 36 52 52 59 64 76 36 17 93 61 41 90 69 28 4 38 49 33 51 4 34 40 20 62 39 35 23 87 86 48 98 49 77 46 53 55 24 78 39 34 82 4 26 38 37 23 76 98 78 48 34 95 68 32 60 71 32 73 62 37 49 74 2 72 98 93 55 2 92 88 7 86 32 87 86 25 98 84 56 34 61 38 17 84 83 48 73 96 33 65 30 90 86 49 27 75 20 88 33 36 49 73 22 48 25 32 36 15 13 31 77 64 93 2 39 79 69 58 75 8 91 99 63 87 18 20 100 75 34 27 83 3 97 19 70 31 94 51 88 44 58 71 78 3 26 37 87 28 27 31 9 
38 24 59 47 48 34 15 25 6 35 55 90 27 58 3 78 38 86 3 91 40 60 55 90 88 87 15 70 84 27 99 13 82 6 48 59 63 8 77 50 75 28 84 46 40 18 87 69 33 59 94 85 46 60 89 56 100 31 18 95 85 30 39 77 2 17 61 82 39 37 86 98 32 53 95 77 28 63 65 27 35 14 61 42 64 74 2 28 40 29 83 70 99 99 74 35 30 50 47 19 68 84 86 79 58 47 74 66 48 4 55 52 70 85 11 88 17 47 45 84 54 52 39 80 38 48 22 58 8 98 72 45 58 3 91 89 53 88 53 72 6 56 86 79 2 67 39 38 42 56 39 84 26 37 25 36 68 97 36 10 50 7 33 6 35 75 29 84 93 48 83 97 42 46 7 93 93 36 14 58 44 44 96 13 31 58 15 66 21 72 9 18 37 25 52 78 69 69 41 85 93 84 62 69 50 19 82 75 93 2 94 100 53 25 11 42 30 72 17 23 76 69 7 69 71 41 90 14 71 85 52 31 31 41 49 13 56 71 41 71 3 20 74 44 89 50 92 88 57 42 39 22 47 58 20 29 71 26 88 6 69 84 20 92 51 81 94 12 32 38 28 55 85 15 21 79 97 25 19 13 62 10 82 88 29 46 66 1 51 68 70 20 24 67 59 91 95 53 17 23 11 2 7 70 81 77 82 32 28 49 57 80 86 10 56 99 37 85 44 69 93 19 91 14 63 44 13 3 35 74 55 18 98 30 62 48 1 86 4 3 52 24 51 94 79 48 45 63 95 34 
37 84 85 16 46 46 66 22 74 49 67 16 25 64 98 20 73 80 25 32 72 26 30 21 61 30 22 9 13 6 2 25 83 89 41 75 30 100 83 13 83 60 70 50 48 60 99 52 3 40 30 84 15 88 43 47 38 10 42 57 37 15 59 52 96 93 15 2 47 28 88 36 42 72 35 40 66 48 35 17 39 43 44 3 60 8 12 74 40 89 40 23 29 23 44 40 76 66 78 45 78 52 57 69 32 75 30 69 32 26 67 82 26 44 49 98 50 4 24 15 41 40 15 31 4 19 31 6 79 60 65 81 55 40 80 50 73 29 35 7 56 3 83 89 39 83 12 37 67 20 81 86 88 62 27 26 76 53 37 30 94 92 16 67 66 100 75 45 84 75 20 87 93 90 49 40 86 75 6 72 65 97 82 15 66 92 41 6 11 32 3 36 74 27 40 63 65 55 7 54 10 55 16 53 37 74 11 38 64 5 71 97 31 31 46 78 33 87 85 23 16 71 65 93 1 81 45 78 1 93 53 37 6 93 98 98 95 29 63 90 44 52 56 62 59 55 31 79 95 39 95 96 46 43 67 26 58 100 23 45 19 23 8 15 92 82 33 82 24 81 68 96 1 99 50 18 55 12 63 92 10 77 83 21 91 63 17 45 21 57 66 49 52 20 20 37 75 88 72 84 15 80 80 19 82 22 86 59 71 91 68 39 92 99 3 2 29 64 60 32 56 91 61 69 16 9 17 18 41 63 74 53 3 22 21 30 53 8 4 67 85 35 65 97 79 82 17 65 20 51 
49 15 71 65 37 76 97 94 50 4 17 3 26 71 47 98 30 23 59 92 53 6 59 11 61 49 20 78 75 13 53 5 18 56 97 56 76 82 91 19 5 96 57 85 98 86 57 79 9 29 27 37 24 18 15 51 54 53 75 22 69 18 79 38 57 36 81 16 99 34 79 93 44 90 59 34 30 68 54 62 65 56 65 66 25 63 44 39 91 82 68 94 60 87 34 68 96 2 95 54 78 87 81 24 19 97 13 70 16 19 79 9 46 96 49 57 95 67 19 41 63 92 38 55 3 26 25 30 60 29 29 68 23 7 18 63 29 81 36 79 48 76 27 62 88 83 87 61 79 36 40 17 31 34 26 81 77 81 62 1 10 56 56 100 37 13 78 81 92 65 59 11 47 15 63 65 40 53 15 17 27 63 51 1 46 38 2 87 95 48 22 51 29 11 40 77 19 33 77 10 45 59 70 52 59 13 3 28 53 89 19 88 64 79 68 57 35 18 27 93 55 88 57 94 35 30 83 83 15 77 98 52 75 73 89 75 85 35 23 14 38 10 31 70 83 1 65 92 21 96 49 35 34 57 58 17 70 73 77 96 89 39 21 10 33 36 80 66 66 95 25 52 30 43 88 81 75 82 22 28 6 23 87 60 80 63 31 36 23 20 29 46 60 57 88 19 84 37 28 99 65 2 82 15 89 14 37 98 56 48 54 93 73 43 98 71 88 5 54 33 65 3 10 70 88 72 41 39 82 80 42 27 52 63 32 31 18 33 87 61 93 74 80 1 83 3 26 99 96 45 
64 75 82 39 44 60 18 30 5 12 80 21 66 6 25 76 21 30 92 57 42 89 61 6 90 90 22 33 11 83 44 27 1 72 29 78 3 26 5 78 25 15 63 36 83 44 53 23 40 50 62 60 2 84 88 70 42 100 94 21 13 5 36 9 53 83 4 63 92 47 17 46 93 94 51 13 12 88 88 26 19 27 7 13 50 25 74 55 39 1 56 22 62 43 74 19 27 64 24 40 27 46 45 35 35 19 36 87 62 50 7 9 54 76 26 54 47 21 1 4 70 98 46 52 43 83 13 77 96 85 38 17 31 55 47 53 72 20 10 33 12 23 99 96 76 98 67 72 27 5 54 49 10 78 85 84 15 92 1 31 7 4 93 85 13 84 98 53 84 98 56 91 97 69 62 29 30 36 79 65 43 52 13 54 51 62 94 88 21 98 37 73 85 18 85 42 79 86 53 92 50 57 49 38 45 59 77 84 88 70 46 96 78 34 66 8 90 87 33 2 1 79 21 74 31 77 72 44 60 16 58 78 79 71 30 67 49 60 31 19 21 16 52 19 37 91 35 53 74 61 5 1 51 76 71 56 38 5 50 66 22 97 55 3 100 33 11 24 31 82 70 23 29 12 86 30 48 19 26 96 37 57 17 57 4 54 99 78 51 77 17 90 46 21 70 90 72 82 4 5 14 15 66 93 30 79 52 25 68 42 59 92 38 39 14 23 89 64 48 83 22 47 7 32 54 26 85 88 19 30 89 64 49 73 54 16 24 62 28 61 3 12 80 70 94 37 28 31 15 99 
56 66 91 21 23 17 81 24 76 71 13 92 57 15 57 61 19 18 29 1 72 68 85 73 26 28 22 94 3 53 63 92 99 83 94 57 79 33 24 60 35 27 61 93 82 71 80 94 27 69 75 14 86 23 89 40 20 90 93 13 12 66 94 31 65 24 100 66 85 52 9 31 8 62 70 33 64 70 33 23 16 80 61 84 27 32 9 92 7 25 81 97 48 51 79 11 72 54 70 53 15 95 56 12 32 56 10 27 20 84 92 48 58 85 89 50 89 81 93 71 100 12 21 16 60 59 18 26 74 17 24 89 69 100 87 100 42 50 14 68 63 94 24 56 12 35 43 88 1 26 48 83 10 32 42 89 87 19 84 70 99 28 25 3 88 48 66 40 58 42 62 98 63 21 43 83 8 83 38 84 59 15 51 69 87 60 93 11 10 100 76 19 49 5 68 42 10 63 9 96 52 61 31 32 64 30 57 21 18 34 44 1 25 99 79 52 34 8 23 3 23 4 28 44 77 3 57 26 35 29 45 13 83 50 81 65 82 66 28 38 66 22 61 72 96 71 71 40 66 65 51 28 38 36 5 16 91 76 7 29 22 71 27 69 99 61 61 25 22 68 59 66 8 28 33 4 32 29 8 32 56 67 13 95 27 71 50 17 74 37 43 41 72 80 51 61 88 86 33 16 10 62 86 25 18 21 47 76 74 48 45 20 19 57 68 96 19 56 70 27 58 3 58 29 50 46 26 6 98 30 64 93 4 74 58 79 23 16 12 52 32 18 36 38 64 58 10 48 48 66 
32 11 25 6 88 17 27 42 62 48 98 28 25 56 53 48 68 77 34 25 57 54 25 84 74 63 13 6 82 74 44 40 25 70 34 23 6 60 9 24 38 27 1 3 61 51 28 46 62 46 73 20 75 1 44 33 28 55 59 52 50 23 27 77 6 9 46 69 61 53 19 49 90 4 64 54 96 62 36 59 15 2 34 2 11 43 3 24 35 16 51 70 21 69 12 51 80 16 32 38 62 89 51 27 94 21 32 56 49 99 31 34 75 55 26 85 46 25 91 35 85 96 29 28 16 89 95 7 15 70 74 55 43 86 51 29 67 11 17 40 40 42 44 58 6 90 44 28 81 22 30 23 33 56 77 18 95 90 8 88 47 88 88 57 75 54 16 9 4 22 75 55 75 35 30 6 50 16 95 43 37 25 84 45 88 29 24 5 66 98 89 43 10 9 53 89 35 46 85 17 1 2 93 35 55 85 20 19 74 52 58 59 39 53 80 2 59 57 27 41 6 95 57 85 22 29 44 3 44 86 30 81 4 19 1 19 80 19 35 1 100 51 53 51 15 28 98 32 8 10 60 73 60 51 92 66 46 78 80 13 100 83 57 42 63 99 49 17 90 1 59 41 79 92 90 85 48 100 77 20 59 13 83 25 99 87 73 39 61 65 19 74 92 77 18 76 55 91 99 96 99 82 18 80 69 4 14 13 68 47 68 87 95 68 54 66 32 97 41 19 73 62 54 17 84 44 63 87 62 66 29 55 57 72 43 61 92 57 23 86 46 89 22 32 2 28 52 63 36 88 
90 98 72 25 83 80 97 49 65 18 95 91 60 100 64 45 15 66 60 73 50 88 84 11 67 18 51 29 67 87 70 22 60 49 26 37 20 98 32 32 77 64 97 42 25 44 49 15 80 74 72 61 69 93 51 98 46 59 29 25 3 60 35 61 10 91 89 14 17 67 21 67 19 48 47 61 33 63 83 2 65 69 71 52 81 77 32 20 62 38 45 19 19 73 59 78 49 71 66 18 59 36 92 37 50 90 63 49 62 42 38 68 7 37 61 37 51 60 84 98 33 99 29 65 7 69 34 58 48 42 68 60 46 25 92 56 43 52 76 63 60 69 9 75 47 77 14 93 64 9 20 25 89 16 51 58 72 59 93 58 43 86 58 89 56 55 78 70 35 8 44 48 85 8 33 85 35 16 14 25 25 22 97 72 3 35 21 31 57 56 19 7 16 95 20 95 89 27 27 47 45 53 70 92 1 32 40 2 81 32 20 11 18 46 60 5 71 78 89 51 44 79 11 16 44 22 93 16 47 98 81 91 97 33 38 46 40 56 39 87 55 19 60 85 37 28 84 12 19 2 3 47 80 12 1 8 15 61 12 84 96 98 31 56 17 2 87 14 37 75 48 98 67 21 30 2 98 62 30 88 16 41 92 92 26 22 25 91 60 29 10 35 75 31 83 75 27 20 12 51 31 88 17 73 93 67 38 15 16 43 85 9 73 100 96 26 50 20 69 62 26 21 24 95 52 2 59 51 77 58 51 29 28 60 13 3 6 75 99 5 84 99 39 86 88 90 15 58 91 81 
87 43 70 99 4 96 76 80 41 80 73 38 32 27 27 74 24 24 88 49 18 63 66 94 62 44 92 3 37 6 76 76 79 27 27 35 14 45 29 19 91 14 95 21 29 4 30 98 32 34 5 3 67 81 76 72 49 1 16 43 40 94 62 32 58 47 32 89 32 29 91 67 91 71 91 29 25 55 14 93 90 85 5 60 31 27 54 96 76 53 97 76 88 37 54 91 88 64 47 24 58 13 76 19 30 27 38 84 16 59 24 23 15 76 49 62 73 49 31 56 37 3 81 80 56 60 71 74 32 66 97 14 37 98 23 22 50 30 49 2 17 71 54 8 97 6 92 62 43 20 16 9 11 94 38 25 15 23 58 43 25 66 38 2 73 44 84 80 10 51 17 36 76 74 52 80 10 91 45 46 89 60 65 78 81 23 92 72 94 1 22 51 90 17 68 35 78 65 28 11 87 18 56 5 79 84 61 46 88 55 93 7 75 87 74 26 44 43 8 73 41 96 77 2 55 58 77 65 91 34 7 79 3 2 68 44 86 21 42 95 58 30 41 62 4 68 10 1 72 34 98 88 53 78 17 13 63 42 31 54 79 76 3 56 87 27 49 63 13 17 14 70 32 62 54 79 92 71 46 34 49 70 40 52 90 35 61 72 10 75 47 71 23 26 68 62 33 56 5 46 33 91 63 3 97 16 3 40 90 32 51 5 76 10 7 49 70 49 8 45 66 8 34 78 52 51 36 79 56 69 27 89 82 4 67 7 20 96 61 86 88 99 27 63 50 55 57 20 71 49 
73 25 28 26 60 45 14 93 58 13 88 36 9 38 15 73 80 42 35 56 97 79 31 57 79 61 46 60 44 33 92 17 94 13 13 35 32 76 86 76 1 13 63 17 36 56 11 79 33 59 30 89 53 48 50 77 32 66 76 22 10 44 80 92 12 76 6 24 34 51 45 93 13 80 3 16 6 63 6 78 66 11 63 3 59 30 66 38 52 55 34 35 69 97 67 32 93 36 96 94 46 90 72 70 66 54 22 55 55 24 63 66 18 10 48 13 15 91 5 61 25 26 8 21 24 4 38 30 76 60 61 54 20 56 27 74 77 39 91 81 93 73 7 58 9 76 92 5 74 28 97 46 41 11 28 80 2 97 47 13 31 85 45 51 57 40 9 39 92 11 6 60 86 69 21 69 6 65 1 6 60 52 31 83 99 36 5 39 37 82 67 46 55 84 91 99 40 58 19 7 27 17 14 93 12 57 87 25 42 71 1 22 59 84 49 53 65 95 48 77 17 100 94 94 39 43 42 29 94 70 3 29 99 77 37 51 18 75 11 70 75 17 22 10 42 89 92 50 54 93 16 32 27 100 93 68 98 64 46 64 77 50 66 65 68 83 85 68 63 64 99 65 90 1 35 54 47 19 73 66 36 43 53 81 30 90 24 35 75 45 45 4 81 83 41 37 58 42 3 26 71 11 77 82 63 11 4 54 99 15 13 47 15 87 37 13 77 23 68 73 100 78 85 17 10 90 18 60 12 22 2 49 9 94 47 77 26 72 42 11 44 8 32 43 42 44 35 31 35 63 
12 73 20 92 67 53 66 77 98 97 13 28 72 79 39 40 77 17 28 79 50 64 53 54 48 89 46 51 69 77 70 67 79 15 1 44 18 36 89 59 89 75 25 47 35 65 1 34 59 74 2 81 76 70 52 98 5 92 23 45 49 6 21 57 25 67 93 71 6 64 52 46 13 1 59 55 13 78 40 55 62 26 87 7 50 63 91 2 78 5 31 8 59 90 14 70 77 24 88 85 72 37 44 75 25 62 43 1 77 30 1 97 4 7 28 76 52 69 45 13 93 31 56 85 65 91 70 35 17 1 6 87 67 92 93 38 33 78 61 31 44 34 43 7 57 66 94 73 92 74 77 62 51 81 7 50 19 2 56 76 6 62 3 13 16 94 16 62 80 80 65 46 17 78 18 86 61 41 41 89 72 71 78 77 44 85 50 37 26 61 72 7 89 46 20 3 59 8 58 67 93 9 83 92 67 73 6 39 21 8 35 1 4 16 23 15 19 26 20 39 2 75 95 50 35 40 30 56 51 35 71 62 64 69 32 94 34 16 91 36 66 89 72 31 66 99 65 88 72 100 75 92 7 39 73 77 72 11 78 73 37 54 94 85 53 4 66 34 45 48 62 5 32 70 5 7 69 94 30 9 33 24 68 23 21 83 4 44 3 64 17 74 92 73 76 76 54 19 31 33 35 87 96 100 34 75 2 34 94 24 49 20 32 21 9 26 37 53 4 9 46 56 75 19 88 12 7 42 77 90 79 55 65 3 54 79 74 4 6 34 56 77 98 23 50 2 38 56 90 53 
9 60 29 13 60 90 47 81 29 66 70 63 97 55 19 99 70 99 55 15 14 17 25 26 3 93 92 29 45 47 95 14 100 54 76 38 28 12 34 92 11 15 96 34 70 40 39 43 91 79 56 41 88 12 69 50 34 37 42 31 80 8 98 76 10 2 66 48 86 54 77 91 64 78 74 77 44 32 49 82 32 99 98 81 78 49 72 88 98 93 22 77 49 82 85 85 21 70 17 7 88 51 23 80 18 69 51 66 86 12 2 11 68 92 1 53 80 94 89 86 48 56 87 75 6 76 49 28 41 72 18 2 95 15 12 77 70 83 81 13 4 8 54 70 56 7 66 85 26 69 51 59 73 93 47 93 13 16 14 62 50 52 87 12 52 76 7 12 63 16 37 8 81 53 49 49 8 74 70 32 72 85 32 35 6 35 45 40 34 48 20 87 59 75 35 20 90 4 33 46 50 26 92 48 21 56 90 30 12 64 25 96 14 43 13 30 10 98 46 2 85 22 76 95 2 80 15 88 14 46 39 100 61 13 24 65 16 34 36 39 90 41 19 96 29 3 41 87 38 70 58 51 71 64 97 32 48 58 51 34 12 31 9 57 2 35 96 66 41 70 8 11 18 15 55 83 21 66 7 74 22 34 65 88 94 57 51 44 35 28 16 25 97 18 57 20 14 89 94 44 28 97 22 54 32 17 94 48 99 50 11 92 92 2 11 73 49 54 96 48 1 41 82 86 28 52 4 32 6 41 53 86 6 28 67 47 99 51 55 16 40 8 39 98 42 20 32 15 1 66 
35 55 53 81 29 61 17 1 3 55 88 10 69 85 76 31 93 76 15 79 85 19 46 69 49 11 3 11 98 73 36 54 36 14 39 51 10 93 85 78 5 84 92 76 9 26 23 71 20 34 1 92 61 77 16 17 72 86 24 2 55 73 11 9 72 71 42 87 41 77 96 42 68 7 58 86 81 91 18 33 80 22 7 99 77 12 89 100 24 64 89 2 100 66 87 87 3 47 99 39 49 67 33 25 27 100 10 99 67 82 15 24 37 82 42 81 94 93 60 26 11 58 78 29 76 30 7 8 4 74 9 72 29 15 38 5 13 69 74 24 27 28 57 58 95 19 38 6 71 65 56 1 94 56 76 26 87 69 16 78 2 85 57 70 90 44 43 93 62 51 87 81 73 2 37 6 77 63 85 89 39 49 52 25 55 16 44 3 95 86 99 68 66 11 96 16 95 28 79 89 45 89 9 48 77 31 87 13 66 50 23 97 78 55 5 36 69 96 91 93 27 1 95 88 100 81 75 10 91 3 45 29 15 79 84 88 91 62 47 99 97 75 53 87 37 46 62 65 80 62 8 28 57 60 86 21 82 72 55 20 96 57 19 75 31 55 9 88 47 5 4 86 83 59 2 39 77 49 23 89 93 50 62 74 23 69 12 2 89 30 53 40 73 71 59 50 72 87 45 16 14 70 6 43 64 11 92 69 7 18 15 59 54 41 71 77 17 13 66 76 21 95 89 41 34 11 80 23 87 25 41 43 4 44 100 65 49 81 17 18 60 29 51 74 100 83 28 70 62 80 
73 66 55 43 68 99 91 34 57 42 2 93 82 97 6 92 43 27 3 15 28 80 75 61 92 77 10 12 37 75 7 13 5 12 18 50 73 94 39 78 82 3 68 44 3 11 4 45 90 20 32 70 56 97 86 39 34 93 10 20 66 92 72 34 85 37 2 61 91 68 9 6 94 16 100 21 51 5 13 69 72 44 97 81 22 53 86 5 48 76 99 73 86 77 22 96 96 29 22 97 65 41 34 35 53 34 12 26 68 86 47 76 34 27 87 69 85 8 86 14 59 72 3 33 17 79 50 11 12 81 95 69 39 25 9 12 59 100 51 5 65 62 53 47 31 75 91 71 45 55 95 75 96 74 82 40 43 61 12 30 93 75 65 60 30 68 78 32 33 56 82 42 9 48 62 16 43 81 28 51 43 11 51 95 73 76 80 15 56 14 65 56 76 76 94 43 51 84 23 12 6 30 41 21 97 77 12 43 39 26 2 81 71 14 17 57 22 13 25 98 93 36 65 11 40 27 43 35 60 23 4 43 35 97 32 14 64 13 23 72 80 10 24 45 10 41 41 75 63 33 85 39 98 48 73 55 80 97 40 20 33 4 14 16 42 56 22 31 89 86 63 70 75 38 99 28 81 69 61 40 83 50 81 38 31 55 92 18 83 89 7 42 62 99 25 1 21 99 42 30 14 2 79 63 41 77 35 84 43 81 69 39 79 38 47 84 17 25 2 58 94 21 23 63 51 92 64 59 76 71 74 91 17 95 97 79 92 43 20 72 13 57 8 87 73 78 11 7 67 18 
2 77 63 33 52 28 20 99 66 29 88 56 10 59 1 73 82 5 21 1 76 66 21 89 20 8 95 18 53 18 53 91 23 85 52 36 78 23 50 55 52 47 22 71 92 94 88 86 32 20 84 95 85 10 90 8 15 36 49 88 64 81 67 49 49 70 37 20 7 37 35 33 76 2 38 21 94 71 26 71 41 90 44 60 26 60 49 54 1 62 86 29 85 100 55 30 86 13 79 58 36 74 18 79 10 72 9 22 7 69 32 31 10 21 8 53 69 40 6 98 57 69 15 56 94 89 80 26 84 32 26 76 83 40 86 4 63 80 3 5 5 1 24 90 20 76 9 81 21 8 31 94 15 54 59 95 28 92 87 2 33 22 40 56 21 27 96 40 11 28 84 89 28 82 95 14 49 19 60 57 58 64 3 66 77 29 11 95 38 83 30 96 67 42 42 93 55 85 11 56 63 26 56 5 75 25 26 14 85 2 48 36 31 2 84 12 32 82 8 100 78 57 2 49 92 80 87 40 60 68 50 95 74 22 44 20 87 95 51 66 35 36 42 1 93 46 45 77 69 45 25 32 52 78 20 16 7 12 53 33 52 16 46 78 58 98 70 71 15 62 44 37 31 24 31 78 7 73 7 14 53 32 30 43 85 22 49 61 23 44 42 40 94 6 81 38 94 99 62 94 64 16 29 10 38 47 82 16 94 97 58 21 89 16 55 45 50 10 32 86 98 77 18 100 18 61 64 29 71 56 18 8 74 48 36 39 4 15 22 92 47 4 13 19 7 64 73 36 22 48 
54 23 16 14 21 58 59 45 68 41 50 19 74 54 45 92 60 63 84 26 61 12 35 39 85 58 77 97 94 85 10 24 42 19 19 10 48 42 10 94 32 51 22 60 6 78 83 19 77 3 49 33 85 22 66 98 6 60 75 62 3 73 10 74 13 49 14 20 56 31 64 2 80 96 2 73 96 33 36 22 27 25 5 53 78 25 33 84 100 99 57 95 73 32 70 30 38 8 97 10 63 79 75 50 15 2 37 8 4 61 39 80 67 55 53 54 34 15 66 26 69 77 46 9 55 40 64 79 65 27 47 84 27 37 44 80 22 58 80 65 4 33 76 17 71 48 88 6 54 76 1 9 23 84 88 45 31 33 39 87 92 31 28 91 10 63 81 30 52 16 38 65 89 22 75 23 60 31 84 87 38 92 3 39 63 82 61 67 60 31 38 68 99 19 80 30 28 32 57 69 12 51 71 8 66 98 91 37 12 40 92 10 54 82 83 34 36 64 89 13 68 75 58 34 76 67 78 93 11 83 2 26 45 12 18 90 14 47 36 64 61 93 26 69 40 94 65 50 36 80 48 29 23 92 65 68 39 11 67 54 35 32 22 94 96 86 7 45 9 89 72 23 84 56 10 71 70 17 22 13 26 28 12 72 20 74 19 52 63 27 46 87 74 2 30 79 7 85 30 6 71 23 30 47 23 52 87 66 31 64 75 89 27 46 90 67 39 37 16 44 36 14 21 35 53 27 75 40 22 48 35 74 72 30 63 15 85 64 32 59 78 55 91 59 32 91 94 9 2 5 
29 16 55 61 82 31 47 25 98 9 17 43 21 15 93 43 19 7 76 100 89 15 54 73 5 34 4 81 78 19 43 84 79 61 14 13 30 30 24 82 28 80 90 19 1 29 7 33 6 62 76 66 64 27 12 97 94 95 55 41 68 85 3 57 1 34 12 87 37 98 81 45 24 80 91 82 5 89 75 63 72 4 58 61 12 33 12 37 8 90 89 37 49 21 5 88 93 14 71 86 64 47 61 47 86 95 85 80 36 52 53 35 23 87 57 66 75 52 41 90 41 82 8 9 83 44 54 9 78 75 100 25 32 34 71 17 30 12 22 83 78 53 5 64 5 56 79 5 77 86 85 5 59 94 15 98 43 12 19 10 20 86 14 60 5 76 98 46 28 52 26 10 67 37 7 95 17 94 42 41 96 53 7 3 17 8 27 88 100 13 69 72 28 32 68 31 88 20 94 93 91 88 54 88 63 4 1 55 58 92 92 36 69 87 78 3 92 96 69 55 64 96 46 34 70 96 73 88 53 84 43 69 5 48 57 18 23 65 47 63 69 46 23 81 76 66 7 59 61 17 1 71 20 67 32 24 70 51 59 10 69 14 92 99 51 14 32 98 49 98 15 83 37 99 3 86 21 42 58 23 28 10 34 47 18 76 37 71 49 28 11 2 89 86 66 100 64 100 2 3 17 12 67 20 79 85 18 78 100 29 94 67 87 70 81 10 19 75 97 81 20 65 44 84 66 29 52 55 65 12 96 96 38 31 78 49 6 25 64 59 88 78 55 31 8 33 21 64 19 44 
24 77 65 52 36 74 39 38 31 8 15 26 41 49 63 7 14 47 26 54 28 22 12 84 55 41 76 32 69 5 93 98 21 94 54 68 23 58 63 90 55 70 30 91 2 60 18 52 96 11 53 8 23 74 11 52 91 86 37 66 19 99 89 40 99 74 70 82 19 41 95 61 91 27 19 99 39 16 54 36 73 49 35 72 8 19 48 69 17 6 40 78 54 58 36 69 8 29 54 61 77 64 82 99 42 82 91 92 35 48 17 29 49 15 33 68 14 29 31 56 92 94 62 100 64 91 96 54 87 61 89 43 15 81 24 94 61 57 68 13 40 42 22 76 31 9 62 8 24 15 9 94 60 11 25 5 55 23 39 13 75 17 80 3 51 72 22 11 43 88 15 79 26 2 18 30 98 99 34 68 75 80 39 92 91 25 1 15 33 57 27 94 42 62 74 25 92 35 25 63 5 87 12 91 13 88 84 92 59 7 99 37 33 39 52 98 54 23 64 18 40 25 97 31 83 40 97 19 14 77 47 30 45 40 72 69 10 62 29 5 37 56 53 37 24 36 14 23 78 50 8 36 93 39 42 46 69 4 14 55 72 32 72 5 18 73 61 31 25 92 10 15 90 86 29 75 41 22 58 53 67 33 89 63 39 84 62 49 44 88 93 42 15 34 87 15 72 55 36 26 28 86 43 37 16 70 65 30 52 85 52 78 75 53 13 25 31 56 3 59 23 100 46 47 32 51 91 40 20 28 7 17 25 66 91 70 33 74 86 92 53 18 82 32 44 71 97 76 74 90 
7 30 3 3 95 23 28 28 1 83 31 87 14 72 88 9 34 30 49 5 36 79 100 62 60 100 82 55 78 83 11 71 22 75 9 2 94 81 72 84 44 61 61 36 19 24 44 32 33 58 2 61 84 42 1 31 71 71 66 56 84 19 8 63 73 24 36 86 84 13 3 82 3 93 89 60 90 14 29 80 28 25 23 42 80 23 77 23 41 78 69 42 16 11 3 5 22 51 68 90 42 16 4 58 19 78 71 39 41 53 4 14 89 68 60 43 13 55 89 25 67 52 93 19 66 58 78 94 32 60 6 88 2 26 33 64 92 45 100 60 68 34 100 11 51 3 99 91 66 58 27 30 49 79 45 79 20 48 80 88 92 46 1 65 14 27 18 1 22 75 58 61 77 52 73 92 77 28 40 46 50 60 16 31 1 100 77 77 20 38 42 95 14 23 14 67 40 28 20 50 100 83 73 84 48 46 14 67 54 95 8 96 28 13 86 44 84 21 38 36 16 51 80 70 90 95 4 43 80 23 96 86 14 60 46 77 4 31 89 49 94 76 3 53 9 56 59 85 48 31 68 88 46 79 7 89 89 94 3 73 30 62 41 66 25 13 76 90 67 65 82 28 85 41 75 31 94 80 59 31 47 39 77 73 38 97 88 86 83 90 89 42 65 42 68 62 22 15 80 42 43 86 26 61 36 75 70 39 25 87 27 74 56 10 90 96 52 19 31 69 8 42 87 15 1 44 23 49 81 50 44 38 15 12 31 4 25 68 84 2 53 79 80 3 70 60 99 88 16 97 
52 52 46 69 40 100 8 86 55 21 45 55 6 17 13 51 60 7 92 89 71 53 94 88 3 5 28 77 73 41 46 58 50 40 69 58 56 77 79 20 89 22 64 95 15 89 100 30 77 67 61 41 24 80 64 14 42 36 64 35 3 93 32 24 21 59 13 68 65 4 59 91 7 6 37 94 20 51 78 61 72 57 72 37 29 73 75 4 83 83 94 17 90 41 60 91 37 65 38 77 46 26 68 79 45 98 91 57 90 84 74 97 70 46 82 91 79 13 84 82 31 92 80 14 94 38 11 32 25 7 76 29 25 1 45 51 5 62 45 9 87 53 59 90 8 59 43 2 10 26 88 97 10 53 88 9 63 89 76 59 60 51 19 24 28 33 55 95 52 47 80 83 75 53 48 61 86 64 91 10 89 67 75 26 39 28 53 13 34 96 74 97 30 100 41 54 4 72 80 64 65 17 20 29 23 21 66 41 76 13 39 78 36 83 51 84 19 24 37 20 85 24 26 54 21 4 34 85 30 53 83 35 100 22 82 84 100 94 91 32 48 39 37 65 22 96 80 21 10 43 56 12 10 99 43 36 49 43 23 85 70 41 67 13 34 77 20 54 37 5 53 75 44 28 34 17 86 7 71 65 62 48 28 96 97 81 59 11 55 47 23 94 23 36 78 6 28 89 62 31 72 85 77 51 63 30 92 94 84 68 94 66 36 58 70 21 76 37 67 10 14 95 100 40 76 8 37 25 76 20 8 60 36 60 13 52 78 77 27 38 3 35 83 29 14 24 38 62 25 32 
38 32 21 19 1 17 29 9 87 86 17 76 55 14 48 34 3 45 49 89 98 54 72 94 53 84 52 96 11 71 66 24 65 42 91 73 8 76 5 5 94 33 68 60 79 24 59 5 72 99 7 92 43 67 66 21 31 51 10 81 14 15 77 41 5 12 86 44 28 50 13 57 91 50 46 84 72 26 7 56 74 59 62 64 39 47 1 62 17 64 85 61 11 39 42 78 41 66 39 96 16 7 59 15 84 49 43 82 8 57 74 32 27 96 58 5 56 95 5 82 32 1 46 25 84 70 54 86 42 62 51 46 7 8 77 65 99 14 8 4 35 91 30 46 48 16 89 83 35 33 87 82 82 88 34 12 67 48 29 60 13 29 8 13 30 52 28 53 10 100 70 99 24 13 72 7 8 40 37 70 30 25 40 10 42 18 47 21 26 50 39 46 17 64 88 12 65 42 58 18 41 87 21 45 19 82 59 3 55 32 100 36 11 36 87 37 33 37 12 36 70 24 1 5 21 69 58 11 20 64 63 96 42 82 25 49 54 91 8 52 23 26 94 47 100 16 26 98 12 81 73 74 83 9 84 52 94 38 29 19 91 32 57 94 2 12 87 4 67 8 94 66 67 27 76 22 67 91 89 27 63 72 13 90 79 54 12 49 24 53 54 98 69 59 90 90 10 29 48 89 24 31 9 73 16 83 80 84 92 18 92 77 44 30 3 42 19 9 63 38 17 46 46 54 22 7 65 57 9 26 34 3 40 10 44 44 29 36 55 12 83 28 37 83 61 63 81 15 43 29 
85 66 35 93 27 73 94 60 19 93 94 66 87 3 29 82 39 17 98 46 77 85 8 75 100 18 41 89 10 80 41 47 58 79 27 90 30 2 20 90 97 6 32 15 84 10 68 58 4 41 85 10 15 73 28 30 78 19 3 36 45 84 83 68 41 70 31 62 42 85 30 95 57 65 61 1 13 31 46 17 6 60 94 28 45 28 75 48 71 32 64 17 22 55 18 38 21 65 82 44 40 29 22 37 24 84 57 41 87 31 56 28 35 74 58 5 28 9 6 50 15 13 77 61 63 44 37 12 43 86 85 6 57 34 7 19 56 3 66 69 95 63 49 86 18 8 40 98 13 59 4 32 10 100 27 26 79 96 55 45 25 33 80 45 95 8 79 91 14 85 32 4 24 52 36 100 80 29 39 29 50 9 27 21 97 52 38 13 6 16 2 98 53 31 95 45 52 14 37 32 24 16 73 99 1 52 66 42 37 32 22 14 65 3 58 60 33 28 59 76 33 24 14 10 3 86 72 36 5 89 59 32 19 89 16 20 59 15 70 7 23 70 29 12 51 97 27 49 57 84 22 98 99 42 7 17 40 10 47 25 69 65 75 97 42 83 64 31 51 47 13 74 59 21 45 6 36 90 19 67 75 32 50 30 91 63 38 3 94 95 18 68 25 74 65 79 11 39 5 67 51 24 48 51 63 82 73 39 92 77 81 25 64 18 76 50 81 38 98 7 26 66 36 18 100 72 73 99 5 75 41 72 74 67 42 18 56 53 27 8 11 27 52 74 99 8 19 57 96 56 
89 93 46 59 97 17 95 8 23 74 37 46 9 14 56 75 89 67 99 85 43 57 32 93 33 47 11 36 98 72 75 92 94 34 65 40 81 12 29 82 77 68 62 18 100 15 61 85 14 93 39 91 61 4 24 76 69 35 17 55 49 93 72 84 61 72 45 97 28 37 32 30 51 97 73 47 70 50 39 57 79 30 57 83 22 77 6 4 1 20 53 33 78 78 88 29 92 5 78 2 48 100 70 34 45 44 16 64 25 46 88 25 88 56 67 89 21 5 68 31 79 95 59 89 83 1 94 16 96 34 7 27 93 53 63 92 91 93 6 54 25 28 85 87 11 1 79 47 54 15 39 94 41 31 85 68 20 46 31 12 38 12 24 34 79 11 65 95 82 45 99 44 42 34 28 77 97 13 99 70 96 7 34 7 8 33 41 97 92 26 58 73 44 33 36 42 35 48 25 56 23 42 23 47 45 36 92 40 5 6 84 81 16 92 98 59 82 93 30 82 30 7 19 22 69 32 34 81 30 41 81 79 95 27 67 90 78 51 99 86 11 19 32 1 47 16 67 81 10 10 46 10 50 31 100 12 52 7 44 1 94 54 36 90 64 13 32 5 57 32 1 86 25 41 46 21 3 80 86 7 89 56 71 71 42 53 66 77 29 100 47 41 41 66 82 78 77 73 65 2 14 89 74 38 81 57 64 2 84 72 19 19 79 31 57 99 66 88 48 74 14 89 67 6 86 48 23 34 51 74 32 21 33 73 11 21 24 66 94 79 74 2 9 81 27 87 1 35 98 93 
30 80 79 40 58 22 88 74 90 23 73 69 86 82 54 33 77 48 88 62 97 100 54 37 14 34 32 44 76 3 86 97 16 56 11 29 96 20 31 72 21 63 87 71 84 64 8 96 63 73 82 60 74 97 9 75 37 43 49 3 50 91 75 35 49 68 100 23 14 16 6 50 44 39 14 84 31 81 60 82 28 98 1 71 19 21 18 73 79 28 54 35 33 2 25 24 83 44 23 49 79 47 83 89 73 66 69 21 67 40 10 70 52 17 85 23 30 34 96 45 16 65 75 49 8 2 22 4 39 75 100 100 11 5 98 82 68 5 30 8 72 67 89 89 97 71 81 1 65 92 11 42 69 14 65 50 59 26 89 9 61 67 50 40 100 1 61 85 78 7 90 16 11 87 17 9 87 37 5 63 99 45 36 21 58 24 24 51 46 16 98 44 95 100 78 63 31 92 51 87 19 30 59 63 73 45 87 19 31 91 35 40 83 22 73 24 40 63 84 44 93 45 67 20 23 95 75 29 67 75 24 23 93 88 29 90 50 87 59 62 51 41 4 100 91 89 45 77 27 36 98 27 56 90 52 91 26 27 27 1 31 90 57 32 67 40 18 95 60 99 49 53 49 97 34 96 50 89 89 60 23 52 61 16 66 26 83 44 95 78 49 56 22 36 90 45 73 67 95 81 11 56 86 78 3 79 73 94 85 15 53 93 55 49 31 10 54 32 47 95 39 31 58 30 24 65 21 77 75 53 22 2 35 90 11 61 99 25 25 95 31 66 41 40 65 93 43 36 20 73 
98 100 83 65 26 83 23 48 52 44 44 18 24 37 98 24 63 34 29 35 25 36 29 31 96 34 82 4 35 21 80 82 7 59 68 100 30 3 9 82 94 77 75 34 84 56 22 52 55 55 6 97 70 8 24 50 66 24 46 88 85 29 91 100 21 11 57 45 79 17 80 47 41 62 90 94 42 90 70 10 86 65 88 29 52 45 34 65 84 75 39 57 63 77 64 57 11 95 46 97 3 37 49 10 80 53 50 64 31 48 48 99 49 71 82 54 65 63 27 100 12 40 6 80 90 54 74 77 96 51 75 5 55 22 68 20 29 77 5 33 52 81 57 49 61 71 93 25 13 4 94 55 70 48 43 50 72 8 87 11 26 41 56 40 66 19 33 67 37 46 40 38 40 80 43 81 7 71 83 68 92 25 53 18 15 88 94 3 40 92 21 18 82 23 79 49 21 88 33 25 94 40 83 39 1 63 74 80 98 54 45 49 93 28 63 61 37 7 21 39 44 19 62 22 33 82 75 57 43 38 34 87 34 19 82 19 63 24 89 55 78 86 58 19 85 33 66 34 13 79 59 60 47 92 99 85 41 41 58 68 4 8 83 79 51 51 66 54 82 52 1 53 53 71 21 68 41 36 49 52 38 23 87 74 89 90 92 60 7 73 42 13 37 33 15 55 20 72 23 19 52 34 94 41 44 95 47 80 68 2 94 44 9 63 90 53 44 18 100 56 45 59 6 88 46 73 80 24 12 10 8 53 48 70 85 31 71 50 44 28 49 5 65 91 27 24 95 55 13 98 
75 79 7 73 27 87 53 23 89 16 57 53 93 46 83 56 16 4 24 14 60 90 88 80 22 39 97 50 72 36 31 9 74 100 56 15 31 52 28 10 95 61 9 31 87 6 6 65 5 50 14 82 31 57 26 47 16 6 76 15 43 29 6 40 24 2 64 16 86 66 10 37 25 55 52 85 76 9 62 94 100 94 13 29 52 59 56 9 88 72 48 18 92 8 13 6 47 78 13 91 84 25 52 12 82 38 96 81 51 84 38 3 84 77 79 91 81 65 7 12 34 24 88 43 77 95 55 45 8 46 57 35 87 51 67 65 14 46 70 63 84 7 15 33 95 80 32 56 25 58 80 61 61 5 97 24 59 45 37 52 88 75 36 100 55 94 4 85 38 74 88 97 85 45 66 70 39 84 71 75 91 67 86 34 84 54 83 86 50 55 98 23 10 39 46 100 59 51 20 77 77 34 12 63 71 70 33 95 15 87 63 39 99 100 70 17 23 38 1 86 99 27 30 48 90 74 29 80 69 87 90 6 95 87 86 64 12 26 53 63 46 99 74 28 70 93 99 4 97 11 61 92 60 10 30 20 79 28 100 43 49 61 32 81 77 95 9 31 73 64 92 33 53 41 7 54 14 92 56 2 87 46 49 5 8 74 93 67 51 75 10 63 99 87 35 42 51 93 93 14 37 66 28 55 100 84 12 89 41 17 51 87 2 38 83 52 66 6 62 82 68 34 28 13 43 17 66 56 37 90 46 12 18 92 19 5 81 66 57 33 26 51 22 92 17 95 66 90 84 82 
92 65 48 38 99 53 14 50 69 44 70 8 8 90 92 85 25 35 49 35 83 6 1 42 39 32 88 65 65 78 11 98 88 46 13 67 7 49 91 4 26 23 84 57 32 53 36 2 80 60 2 66 15 95 15 49 31 11 18 82 70 62 78 90 62 40 86 84 17 51 5 29 63 82 45 45 70 98 36 75 79 34 83 22 100 48 63 62 96 45 39 28 10 46 5 30 62 15 51 76 54 42 97 13 64 81 50 11 22 28 83 22 94 88 85 48 13 89 27 65 58 55 1 38 65 67 85 47 79 36 61 56 43 73 96 2 80 40 13 7 96 89 31 89 67 45 78 9 64 91 74 66 84 45 90 38 4 5 18 46 13 60 50 20 35 31 35 98 96 3 59 47 96 92 3 49 26 82 89 61 60 16 30 76 92 79 22 23 51 73 24 28 88 67 47 100 4 4 14 90 33 97 69 57 70 26 57 66 72 51 91 22 40 8 33 26 34 77 96 54 87 58 52 86 79 51 3 38 77 10 20 78 17 49 22 59 63 38 96 56 8 2 39 97 8 26 38 72 53 9 93 87 75 69 100 64 36 10 55 28 78 93 82 26 31 9 51 91 24 56 39 52 16 86 21 71 14 95 43 34 14 20 99 76 100 9 51 36 21 71 32 10 93 27 48 76 55 50 47 84 78 48 100 31 21 2 33 2 9 73 74 35 9 75 32 15 82 63 98 98 59 64 47 43 1 74 87 11 20 95 84 33 2 5 94 82 96 47 20 68 10 23 9 17 49 38 99 77 67 90 
6 77 69 70 35 26 53 96 17 69 60 67 42 75 31 61 91 92 63 77 35 71 22 31 67 91 9 40 55 59 5 18 80 7 21 74 98 97 78 44 70 35 27 49 100 73 8 95 13 93 23 46 9 49 32 9 57 94 36 42 56 99 5 88 39 54 94 69 19 64 72 53 44 20 45 56 94 9 60 42 88 82 41 82 79 33 30 17 35 62 66 85 3 84 3 15 18 61 21 34 54 78 55 36 80 76 35 70 48 98 13 16 52 62 85 39 51 69 88 38 50 70 72 19 6 53 77 26 64 69 23 96 87 8 68 2 90 52 18 75 74 56 65 90 46 31 48 11 81 85 10 55 64 18 36 16 5 45 50 14 61 49 11 86 35 73 79 70 71 13 32 65 75 65 90 80 51 37 78 54 41 71 37 55 40 6 62 12 8 52 100 58 16 68 47 37 53 58 97 95 56 42 52 96 76 62 100 16 69 1 82 63 33 24 41 22 1 22 30 10 9 5 73 27 63 16 22 2 21 7 87 13 37 28 16 56 66 91 24 59 22 37 92 38 39 94 54 78 40 80 39 37 35 41 36 7 69 80 61 65 90 99 83 31 29 88 55 90 8 12 38 80 44 54 32 74 28 57 10 93 29 9 56 97 29 51 2 61 53 19 22 32 99 6 51 82 51 64 17 67 44 35 5 12 25 13 96 69 11 71 54 66 57 35 91 99 70 92 83 42 5 5 88 50 23 29 54 81 94 5 10 89 20 68 78 34 38 80 61 43 20 6 13 7 21 19 32 96 30 87 
89 1 38 30 21 72 90 73 58 14 29 48 56 62 28 5 34 89 8 35 20 57 67 80 45 40 100 49 81 42 21 58 24 40 11 87 82 40 7 12 52 57 88 52 3 26 24 10 72 33 96 11 74 33 88 63 73 18 23 19 25 57 82 43 6 28 84 42 96 8 14 67 94 60 9 20 86 56 50 48 32 22 47 28 5 92 96 51 57 17 38 74 82 46 92 89 8 22 50 55 14 99 85 99 34 96 5 73 61 60 71 5 3 82 49 97 10 95 77 27 16 98 9 39 1 35 28 17 78 24 30 76 33 42 8 14 89 64 70 39 27 98 36 32 64 3 27 67 23 38 15 1 51 64 41 42 80 53 31 12 18 31 63 56 40 88 67 43 45 5 27 40 14 7 71 17 63 33 77 76 61 4 59 25 65 13 96 31 41 39 90 97 28 5 83 90 91 64 14 35 27 53 23 2 21 3 97 11 47 97 76 27 53 71 24 9 12 29 13 7 42 89 73 66 47 80 35 35 83 28 41 83 20 84 94 14 67 61 15 85 90 41 29 45 35 90 29 9 26 87 9 80 37 52 60 67 64 12 8 46 32 64 42 2 93 32 42 64 93 44 65 20 94 61 26 50 86 15 40 89 54 31 77 66 45 16 34 56 67 70 30 84 43 98 54 21 8 68 16 48 57 83 10 90 99 63 30 100 31 92 49 27 61 42 98 59 51 16 65 56 47 25 40 51 93 84 49 5 58 73 46 62 24 26 93 61 68 70 58 46 85 27 41 49 26 1 99 25 65 43 
87 14 4 49 47 66 59 97 46 51 89 35 67 94 28 52 11 97 35 34 16 85 95 94 83 41 22 70 51 95 98 73 16 68 8 21 25 10 42 37 82 55 4 77 20 50 88 8 91 67 97 44 42 29 46 3 59 43 95 39 41 98 56 79 83 60 38 93 51 5 39 84 56 53 12 50 47 78 9 6 63 51 25 1 37 3 7 66 14 46 9 46 49 71 72 22 16 23 91 6 48 81 26 22 98 28 63 98 3 73 44 17 52 11 86 58 86 30 86 20 15 37 34 61 16 31 12 9 22 79 28 83 97 55 52 31 44 90 15 72 11 86 32 22 4 99 76 66 70 94 10 3 88 36 51 56 28 18 36 6 5 67 64 4 9 69 28 61 13 51 73 67 34 12 48 69 25 46 2 76 80 51 88 78 31 85 29 43 32 5 87 48 67 23 6 44 42 41 20 24 13 88 48 93 35 82 7 59 39 59 81 87 31 2 77 83 3 88 81 10 99 56 81 24 65 33 36 11 37 31 18 4 13 76 36 15 31 38 46 14 69 62 76 47 83 94 46 83 18 87 1 22 93 22 9 4 36 60 73 98 94 44 24 53 15 43 53 37 63 75 85 9 77 93 2 67 46 77 62 87 39 92 73 47 44 36 43 16 21 8 37 94 31 18 29 71 31 50 3 95 63 46 4 76 11 30 23 59 53 75 32 30 66 35 58 58 59 41 89 61 72 5 37 33 55 9 31 12 22 28 46 26 70 15 23 69 89 11 11 78 52 55 6 90 57 59 91 23 88 47 
74 44 3 53 59 94 19 33 76 87 8 48 53 2 60 31 24 86 82 25 26 40 72 50 50 28 13 39 2 37 5 58 68 87 51 19 46 12 40 76 25 45 19 10 28 3 83 88 41 38 43 98 18 48 96 39 86 16 29 56 19 87 39 70 61 77 60 13 21 40 29 30 57 15 47 63 20 90 74 54 92 16 28 73 1 17 14 97 87 63 28 2 68 4 1 95 52 18 28 1 83 59 42 84 19 37 34 55 58 76 65 10 49 76 42 39 36 37 82 41 14 91 97 18 45 43 13 62 90 66 28 50 90 42 53 35 65 87 81 67 26 51 27 91 28 79 97 89 34 17 27 53 91 22 6 64 18 55 65 70 84 97 25 65 61 69 8 99 54 18 31 64 38 28 32 92 37 63 65 25 24 39 43 85 3 39 87 53 20 57 91 55 42 80 75 58 21 90 8 76 8 33 69 37 14 20 12 99 89 25 49 12 29 68 10 18 8 40 10 47 10 47 12 60 18 39 5 36 70 23 38 71 36 44 89 1 80 66 97 8 93 66 46 71 69 1 22 62 8 32 57 55 35 52 48 57 79 56 48 88 60 28 33 48 1 62 38 50 92 46 55 87 42 38 48 100 92 100 99 42 77 25 83 66 28 72 95 52 70 28 70 53 58 2 8 97 84 76 65 64 54 83 42 25 32 96 29 17 23 53 79 4 99 58 40 12 67 81 16 33 53 68 44 55 47 37 93 91 64 6 71 57 34 98 86 20 75 71 21 87 91 46 100 82 81 89 12 76 48 61 
96 87 5 44 31 77 80 80 98 67 77 99 28 60 27 4 65 47 89 19 61 92 51 46 48 74 10 35 32 97 1 81 98 67 24 5 65 27 23 39 33 3 95 52 43 51 1 68 38 84 93 46 38 55 96 96 21 44 63 57 62 71 67 60 24 78 4 42 48 32 91 28 32 65 87 72 23 93 66 100 85 85 47 83 30 87 71 56 28 68 88 37 47 70 95 76 99 56 28 39 30 64 39 32 46 55 62 26 88 14 43 6 49 87 6 86 36 51 34 19 24 94 13 50 76 68 86 18 13 19 33 42 27 42 15 86 39 89 13 71 47 58 40 56 92 88 89 90 72 87 89 12 70 74 62 18 57 84 83 52 59 69 72 21 58 54 18 19 73 61 6 69 55 25 15 25 77 29 68 95 39 65 8 77 81 17 62 4 37 34 48 5 59 49 80 15 99 10 91 44 38 77 97 86 22 7 89 52 44 41 65 13 77 26 15 38 6 29 32 64 78 12 83 98 29 97 77 73 89 94 86 75 55 4 17 9 95 8 86 99 50 70 12 72 13 67 96 45 82 1 82 65 81 56 84 56 4 65 98 24 73 75 17 75 35 2 10 2 100 36 19 57 48 53 39 57 34 47 59 94 73 100 66 70 11 88 18 83 62 100 98 29 51 80 62 21 41 29 72 65 89 58 20 66 100 78 72 87 67 17 14 91 22 88 38 24 55 100 44 74 53 32 46 74 65 24 14 64 99 65 98 73 20 18 41 46 84 49 88 41 74 41 93 23 7 8 94 26 8 61 
81 69 30 7 68 90 24 21 27 54 56 15 82 21 3 59 44 77 90 87 79 92 78 95 81 96 33 70 50 36 11 69 35 85 79 44 68 42 27 94 60 31 98 84 6 29 72 41 61 57 9 97 91 100 11 44 68 89 11 100 70 47 36 40 26 24 47 39 92 64 38 25 24 51 69 57 58 50 5 32 57 16 78 40 94 94 39 11 48 2 75 54 9 86 42 74 67 63 6 75 63 31 4 90 37 1 99 41 6 15 41 82 15 50 91 39 6 99 74 74 25 43 53 89 17 82 39 19 58 57 32 60 38 95 72 31 23 75 34 1 50 84 96 47 78 99 7 66 58 27 25 9 42 73 7 6 75 60 67 53 43 79 40 28 9 84 70 38 97 71 85 27 78 51 85 74 1 3 52 21 72 1 7 17 29 74 13 11 76 79 2 47 26 92 19 79 48 2 24 66 78 81 85 10 29 36 22 95 83 9 27 74 7 89 43 11 97 61 11 99 62 35 60 4 65 75 41 66 10 36 55 46 8 96 35 92 90 24 38 51 92 77 72 18 94 69 55 18 48 44 72 36 90 87 58 32 48 36 15 94 37 81 39 48 66 9 44 41 56 46 57 26 36 72 26 82 14 40 96 83 30 14 40 31 41 30 47 84 25 79 37 23 7 10 23 71 99 99 24 2 66 61 9 30 99 72 63 97 7 67 40 87 100 88 78 21 6 74 42 66 39 93 39 23 89 7 12 44 4 57 43 88 44 75 48 93 80 73 44 45 36 65 60 52 55 74 97 46 93 97 
29 85 42 77 13 25 51 62 51 82 71 80 80 81 81 70 74 19 32 61 9 42 78 40 73 78 76 30 77 22 29 62 92 36 37 83 63 64 46 78 31 21 22 30 40 68 83 94 85 93 11 44 7 66 97 25 62 63 84 43 53 27 54 83 49 70 69 80 95 98 87 55 20 14 68 25 18 16 47 54 94 1 25 59 93 72 91 57 52 90 97 33 8 40 65 65 30 65 56 42 91 93 4 74 49 60 29 80 90 56 15 84 76 7 1 27 24 52 31 53 86 59 49 40 31 2 84 7 80 48 95 57 84 8 42 93 96 33 37 16 97 35 21 59 52 5 1 38 3 9 95 38 38 58 56 48 53 83 10 17 80 81 26 39 18 56 48 97 41 21 30 70 4 98 10 76 89 71 26 18 13 39 23 87 70 62 78 70 51 55 90 75 85 38 10 29 85 17 12 59 40 29 23 74 73 15 81 96 68 42 15 24 14 4 74 36 37 28 100 25 79 41 52 84 16 63 55 17 82 22 41 33 96 80 95 27 42 95 93 70 15 17 71 100 36 45 69 22 15 98 45 6 91 17 81 68 49 35 90 22 65 80 1 46 58 77 16 33 7 27 89 57 14 79 63 25 85 93 3 11 23 31 19 61 48 70 80 85 9 20 48 99 96 7 58 47 66 2 20 85 47 2 91 69 89 66 43 5 8 58 6 85 9 65 83 60 92 88 44 26 48 64 22 47 41 86 4 3 10 17 48 20 4 29 73 74 15 77 23 53 98 22 23 75 3 32 10 4 44 14 
63 65 14 68 25 32 93 14 52 23 81 96 81 17 23 91 43 91 14 55 87 95 11 64 65 19 70 89 53 41 39 55 68 91 2 73 48 34 11 6 79 20 63 96 26 66 35 22 65 31 50 97 72 88 90 59 94 52 58 38 39 31 41 69 55 99 85 95 35 84 32 1 87 13 78 65 35 39 96 81 7 93 97 57 66 41 38 20 18 52 63 48 84 80 39 11 1 99 62 41 70 78 24 68 86 22 34 32 21 43 40 56 78 33 29 63 1 80 89 8 78 6 19 31 53 43 13 93 37 97 42 92 87 62 39 21 62 55 18 64 9 20 66 3 96 22 51 60 14 49 97 38 27 13 29 54 3 24 5 66 32 57 71 80 3 85 20 91 8 63 45 87 20 53 45 91 61 27 88 54 43 16 17 90 92 38 10 88 38 55 44 98 61 44 25 95 14 28 81 84 96 15 28 52 87 81 27 32 17 15 53 87 27 84 10 15 84 97 25 76 79 63 57 74 30 97 52 74 9 62 48 98 65 75 49 79 13 89 55 29 5 59 29 99 66 58 34 50 39 84 49 57 77 4 67 9 44 30 7 34 57 73 80 39 53 20 52 38 69 60 13 38 7 74 91 17 70 92 27 63 52 34 41 24 33 90 1 13 44 2 19 98 38 42 18 65 94 44 88 69 18 15 2 12 22 66 37 5 61 51 44 84 9 87 76 19 91 77 77 44 85 42 28 25 62 12 83 30 16 95 11 93 34 86 90 60 5 35 26 68 73 77 35 29 89 91 10 20 83 96 
18 9 92 63 68 28 9 24 93 75 60 24 53 78 76 75 17 1 67 59 47 97 42 11 16 71 3 1 40 58 43 53 26 76 35 26 78 98 49 83 40 65 87 61 86 65 6 20 14 45 93 90 49 90 6 88 54 13 55 38 72 97 94 77 100 35 24 95 48 66 3 85 76 25 45 19 72 45 22 65 33 44 34 19 55 49 34 58 6 38 99 32 36 78 22 81 6 56 5 22 86 10 10 97 53 17 73 42 30 43 13 12 6 43 70 11 20 91 1 19 89 23 12 36 2 84 1 55 67 93 91 34 35 83 53 10 17 71 21 4 78 64 7 82 77 72 57 72 30 9 13 4 64 34 20 97 86 73 64 96 79 77 1 9 46 62 12 92 93 54 22 8 18 45 5 84 27 72 21 9 86 80 26 81 8 75 43 53 73 25 85 60 95 72 23 81 35 17 94 89 44 61 58 97 34 45 26 27 31 58 33 16 81 63 88 50 36 70 33 50 32 4 23 74 67 9 12 29 5 60 96 51 37 12 42 23 43 99 92 43 21 56 44 27 44 5 21 74 11 69 8 19 45 15 84 39 19 26 13 63 8 97 37 80 91 2 88 92 88 76 67 12 44 65 67 81 17 84 81 19 60 76 19 22 92 53 66 33 84 23 65 81 3 28 38 38 99 48 70 17 53 100 80 53 76 61 23 33 24 85 25 25 75 21 39 81 45 4 2 88 12 92 98 7 52 44 4 77 29 30 44 79 34 73 12 93 21 37 19 21 78 20 28 8 69 77 16 84 26 59 
69 37 27 100 44 90 82 41 90 80 34 83 41 39 55 14 42 46 33 46 12 1 54 84 90 2 6 87 83 24 40 36 76 2 1 66 99 9 81 9 32 85 23 62 20 92 88 22 80 64 43 81 50 27 23 13 54 43 7 92 30 19 14 18 7 64 58 20 76 53 21 73 35 93 43 51 60 67 98 45 72 69 11 91 11 9 34 6 34 68 25 6 77 23 95 10 13 4 74 54 90 37 90 37 16 82 57 3 72 96 20 57 5 88 29 58 20 60 86 61 74 57 7 30 82 44 21 20 76 21 98 17 54 3 49 36 98 35 31 77 32 55 82 40 76 2 53 43 53 74 15 8 12 82 47 38 32 38 92 38 100 29 59 72 89 4 20 14 41 58 78 26 58 27 63 40 58 100 91 99 59 4 65 91 42 4 54 11 62 44 75 79 78 90 53 29 73 84 21 58 81 53 7 23 23 49 15 80 35 86 69 77 59 39 31 71 11 83 81 75 56 17 70 18 89 9 77 71 3 42 75 18 10 11 93 26 43 51 66 40 5 9 30 40 56 65 45 28 40 44 67 81 15 55 51 20 88 55 5 35 29 86 18 97 41 56 56 35 100 12 29 98 62 75 51 61 90 82 74 62 34 93 23 67 35 15 94 22 35 66 32 41 37 24 16 30 61 35 43 89 74 95 90 10 20 91 82 74 23 25 38 89 77 49 51 49 52 34 60 92 95 16 60 15 56 78 68 69 7 21 100 62 8 75 76 75 31 16 25 73 13 14 55 66 41 9 7 10 64 29 
2 4 3 63 52 85 62 47 4 72 5 59 9 45 83 33 4 96 21 16 77 61 76 59 56 37 85 54 51 22 13 87 95 15 19 26 92 41 83 37 26 29 53 15 83 69 17 42 39 3 2 60 62 91 100 23 100 82 54 55 90 9 62 34 86 72 45 40 2 94 96 56 21 93 39 96 84 50 98 1 19 30 57 40 43 19 47 12 29 67 24 14 33 74 20 89 7 38 27 3 22 16 22 33 9 13 88 62 98 84 11 49 85 4 31 25 11 98 34 96 97 27 43 56 22 25 63 6 95 41 97 34 90 75 40 97 10 99 72 15 67 31 39 75 87 77 19 65 74 41 35 9 88 14 95 67 74 81 67 74 45 93 34 76 63 83 30 68 57 99 42 21 86 78 61 27 80 100 2 89 77 100 30 96 70 56 88 92 75 56 54 37 47 25 73 68 1 83 52 82 35 37 41 95 23 35 41 5 32 84 3 63 5 66 47 50 58 35 88 51 61 47 39 61 54 51 79 96 60 55 87 75 85 41 57 91 64 37 9 88 90 99 13 47 51 23 41 54 17 26 54 65 15 99 70 48 46 45 15 21 82 77 41 76 92 40 81 26 4 31 100 17 13 9 70 81 70 21 9 97 98 16 96 79 68 98 98 81 40 2 18 26 91 21 31 34 39 13 56 99 12 18 69 2 59 5 34 55 62 68 5 43 58 61 73 24 81 36 5 80 86 54 23 97 8 95 72 16 48 52 30 1 24 14 44 7 48 24 95 76 70 10 79 66 65 64 6 35 73 21 
76 19 33 60 44 48 36 53 47 53 77 43 13 1 77 99 2 84 38 71 100 83 7 89 52 44 51 59 69 74 98 69 20 94 38 10 77 57 12 70 18 42 6 65 63 38 94 97 32 54 68 37 9 2 87 95 1 44 81 32 93 57 46 17 76 48 50 72 72 33 78 99 75 8 49 70 33 53 1 37 37 76 22 69 2 36 37 25 99 89 56 32 35 79 44 52 50 54 48 70 34 99 52 6 100 48 31 55 21 26 74 29 32 90 100 99 31 47 87 40 34 12 90 95 49 93 53 1 16 6 12 9 13 7 87 18 87 28 81 80 50 84 83 31 88 21 94 10 92 51 22 37 46 2 1 57 74 68 66 85 9 79 60 76 55 60 34 83 19 83 74 27 26 39 87 94 59 90 18 99 34 20 26 22 57 88 16 24 99 40 67 23 61 35 54 58 36 74 17 37 68 53 1 78 11 13 20 67 26 42 23 53 52 62 60 5 98 33 80 39 63 44 55 37 45 1 71 47 76 71 62 87 38 89 97 18 99 61 82 30 19 33 70 60 79 86 91 69 96 1 63 11 25 78 48 81 92 99 54 9 70 64 99 48 20 24 26 90 54 13 34 90 81 72 79 44 84 66 25 82 99 13 85 94 83 88 70 73 40 50 27 63 82 52 30 10 67 39 82 27 61 82 21 31 98 69 78 26 74 83 24 100 96 76 99 69 56 95 86 7 58 5 50 49 40 65 14 32 10 15 23 17 42 3 79 53 38 100 38 53 77 72 9 57 4 16 36 95 13 27 
13 64 45 10 1 41 31 59 15 4 22 42 41 90 48 71 3 86 45 26 100 25 85 91 92 96 99 86 49 88 17 61 33 16 29 46 1 3 6 26 81 91 82 88 58 38 54 40 14 15 35 83 58 46 15 25 62 22 94 11 43 58 22 19 21 89 16 3 13 95 14 10 84 2 98 35 9 62 15 61 33 10 93 92 8 22 67 78 2 18 66 2 30 3 64 50 62 83 41 77 69 57 61 25 42 14 21 88 98 45 58 95 66 88 92 13 73 75 16 14 74 29 72 100 9 95 74 8 79 68 52 18 5 10 18 83 64 65 67 62 29 22 43 53 6 65 27 1 93 68 44 42 62 16 91 99 18 6 12 84 4 58 71 82 28 56 64 70 70 69 85 73 1 20 72 11 91 14 8 13 25 47 80 44 36 74 63 87 15 1 6 33 34 55 78 83 85 47 85 95 41 79 8 62 16 73 21 14 78 9 15 4 26 17 83 92 82 54 5 9 82 37 49 26 31 2 39 47 11 64 64 71 61 70 2 92 52 8 81 28 17 12 14 39 38 100 46 40 100 53 25 82 76 22 34 62 55 55 27 100 78 84 56 43 92 63 45 76 98 34 62 47 83 51 70 59 6 45 36 55 26 92 23 42 25 72 94 23 78 13 80 100 69 19 100 93 49 77 52 55 86 3 5 63 66 95 10 41 78 46 78 23 58 42 64 74 95 4 16 8 40 10 85 88 21 28 23 3 31 54 76 19 82 68 17 66 50 9 44 65 22 85 24 24 50 68 60 86 19 80 
14 33 15 6 43 3 86 54 15 91 14 12 85 20 93 65 48 22 25 39 76 6 16 22 86 4 44 5 23 23 95 49 20 64 9 67 33 89 69 64 37 10 80 88 68 44 20 87 82 31 70 23 20 4 40 45 53 56 34 88 66 53 60 27 80 13 49 55 66 57 91 22 25 99 32 19 8 26 7 18 16 77 1 1 31 57 20 46 2 34 32 25 38 93 21 16 95 55 75 56 18 92 5 88 53 13 55 2 16 58 58 35 14 36 53 66 37 24 74 4 29 97 36 77 61 5 83 80 26 2 99 86 23 49 52 41 3 3 69 13 42 30 70 68 47 35 14 32 31 18 8 50 91 73 77 1 99 84 26 14 39 86 87 51 96 54 96 95 9 3 90 76 54 20 10 18 8 35 99 49 9 50 72 45 29 11 30 93 77 54 86 78 25 31 43 68 30 81 61 94 85 95 22 89 86 86 20 33 48 47 73 82 40 3 96 41 69 99 61 37 68 10 99 89 87 21 67 66 73 48 78 34 54 48 83 96 59 39 72 51 23 83 70 89 14 36 53 93 66 57 20 34 67 32 35 62 50 23 62 41 94 31 23 34 66 26 32 58 47 2 50 76 6 79 13 29 76 96 36 92 35 74 75 24 19 100 1 31 34 60 4 55 67 3 50 40 34 21 16 32 2 59 30 61 57 44 56 83 29 74 30 100 79 8 81 10 38 16 88 21 1 20 9 62 59 87 91 38 20 58 89 80 19 85 54 43 54 4 73 79 90 85 55 15 66 57 57 90 10 55 
74 64 73 58 26 93 6 11 33 12 87 95 26 15 5 16 84 82 90 43 77 90 46 52 12 17 53 60 20 89 68 80 92 12 37 53 57 53 31 70 100 52 13 3 80 91 48 49 92 28 87 36 89 17 21 57 1 88 81 57 28 31 22 3 10 56 56 89 84 60 5 12 58 37 77 19 47 62 55 29 87 83 3 76 16 99 46 66 24 83 4 80 15 38 85 81 5 21 43 14 31 33 27 14 66 7 60 14 51 91 83 37 46 55 37 71 79 42 12 7 43 26 78 78 31 49 86 43 97 45 89 56 19 57 70 17 94 99 53 27 66 74 52 46 67 20 94 29 42 75 96 20 14 60 96 6 91 86 57 43 55 56 4 37 100 63 49 23 7 80 53 3 6 58 78 11 15 10 90 20 32 58 86 29 1 16 1 98 58 72 84 41 48 42 6 61 64 25 11 43 56 21 12 60 72 37 77 3 40 93 7 31 62 83 36 25 20 23 80 92 92 2 62 43 46 56 96 13 99 1 69 70 43 63 93 58 80 70 19 66 54 70 33 22 30 79 79 65 2 91 37 1 74 64 49 92 55 41 9 86 61 9 60 20 69 95 63 72 77 98 5 72 61 27 94 88 60 99 86 83 10 20 29 93 45 31 82 13 81 30 25 49 95 97 40 29 89 43 77 66 10 22 23 90 78 2 95 12 12 14 4 72 1 47 3 87 16 1 79 64 69 35 53 85 53 71 10 27 71 29 27 11 39 25 2 78 48 93 3 86 21 45 16 24 72 97 60 22 71 27 
97 14 51 55 60 55 30 89 12 57 10 16 65 27 73 55 57 48 81 76 93 64 57 79 86 3 68 59 10 28 9 7 18 85 60 87 94 16 20 27 18 38 18 80 3 40 34 12 38 91 24 42 55 21 80 99 21 67 10 52 22 5 53 90 70 65 40 35 55 99 21 22 58 1 20 68 18 61 47 74 84 56 71 53 77 15 100 6 34 86 37 2 3 77 17 61 93 15 30 10 38 67 79 98 79 21 99 68 63 47 57 76 65 59 76 6 69 12 67 90 31 52 93 72 63 89 33 50 70 56 7 58 44 69 24 2 10 15 11 67 70 14 15 41 69 20 38 89 46 56 23 41 37 17 6 79 14 16 93 53 87 57 46 69 18 96 41 7 75 72 6 74 96 57 43 47 62 22 60 43 80 14 63 28 69 89 53 73 70 23 19 35 37 24 48 21 3 67 92 86 52 23 81 68 95 97 86 94 86 65 32 40 34 10 97 15 84 41 63 91 39 59 80 42 72 34 46 12 54 67 84 55 21 50 4 36 14 45 23 92 7 94 88 69 43 70 57 78 31 68 41 71 80 46 96 87 78 34 75 99 86 21 39 8 50 6 19 5 15 54 50 60 31 9 100 84 63 9 72 94 67 65 21 11 69 55 22 20 79 29 96 64 15 15 68 91 20 77 25 87 66 46 52 72 66 3 3 6 48 8 83 43 25 11 2 33 89 8 68 76 7 80 83 26 22 81 35 38 42 50 74 59 64 74 7 25 93 13 94 73 98 27 16 35 86 72 90 14 53 87 
15 31 48 15 78 29 18 24 12 32 34 100 90 66 2 31 34 59 12 33 8 62 74 96 32 48 96 50 80 75 93 42 40 11 42 66 12 72 30 56 27 58 59 18 57 34 78 94 65 81 68 42 7 81 90 57 65 89 33 5 4 90 49 63 39 94 95 85 11 60 92 37 46 28 71 88 93 95 99 17 63 58 30 92 66 72 78 82 31 66 94 19 45 83 86 4 21 10 4 86 90 9 26 45 45 90 9 88 93 14 63 57 94 95 100 93 7 25 89 49 7 88 54 59 20 32 60 57 83 14 19 99 7 84 93 77 95 62 7 46 23 96 72 73 2 1 69 16 30 50 78 32 7 83 70 2 77 9 28 69 5 17 88 52 96 10 64 12 14 43 5 73 36 8 3 91 90 74 4 11 77 47 83 46 44 35 65 11 90 85 35 25 85 64 20 10 97 45 51 8 70 18 41 22 47 32 79 42 15 16 75 10 69 86 41 39 31 89 99 55 11 53 39 65 28 79 4 27 46 8 8 75 28 9 56 26 43 98 30 56 5 87 28 11 61 43 72 23 71 74 78 41 70 32 93 44 8 48 97 95 73 74 15 32 76 66 38 91 27 62 3 41 98 51 67 53 50 53 100 20 43 59 41 22 67 82 74 82 33 85 1 90 26 11 79 78 59 98 27 99 50 35 48 21 38 46 63 62 37 52 31 73 35 59 11 9 39 12 4 45 53 71 51 53 10 42 63 31 73 27 75 95 73 63 71 100 93 8 22 49 83 59 10 15 85 53 99 18 85 65 
39 53 23 48 3 76 28 86 100 64 47 36 90 94 96 88 87 72 69 77 61 82 38 70 73 16 67 79 29 3 97 43 41 14 93 72 35 10 14 93 61 88 32 41 22 65 66 59 59 23 100 9 37 4 62 13 59 62 49 23 50 77 2 59 51 18 40 15 63 86 68 68 25 47 57 64 31 26 47 12 51 13 96 56 5 6 10 10 58 61 50 45 73 6 54 44 79 27 24 90 52 36 83 2 63 72 28 8 60 22 19 70 49 69 84 97 77 99 88 45 79 74 67 87 45 14 6 86 32 26 36 7 96 12 15 62 69 34 43 11 3 56 36 13 83 79 45 15 71 54 18 37 65 23 77 2 12 23 53 71 99 34 83 44 27 14 82 59 77 11 57 19 42 4 28 86 7 1 14 20 40 11 85 3 81 82 65 18 8 94 63 89 27 76 35 53 30 79 61 21 92 100 15 92 88 72 64 67 60 77 57 10 20 58 29 15 19 49 22 93 80 75 77 53 85 15 60 51 2 48 63 85 61 6 17 25 83 92 20 9 64 64 2 18 73 88 42 96 60 41 63 23 78 98 22 51 2 9 49 70 75 14 14 74 47 15 63 58 37 14 30 6 100 53 15 17 64 2 41 4 5 39 47 84 43 21 42 41 6 88 5 68 64 79 78 31 29 64 56 34 22 55 21 97 76 71 71 65 100 2 8 87 99 69 26 73 3 23 39 23 7 51 58 92 33 46 18 32 47 41 96 49 88 54 44 57 87 9 80 11 42 23 15 58 69 77 42 62 78 57 
47 28 21 99 24 84 69 53 13 63 82 56 52 72 90 21 8 43 87 25 61 48 78 64 51 88 37 88 24 49 17 97 99 44 62 93 56 72 71 14 80 62 1 93 62 1 96 29 20 97 43 72 13 42 41 96 4 85 100 12 62 32 92 72 86 28 80 22 37 81 99 18 22 87 4 20 40 25 17 79 53 99 68 68 73 31 100 8 76 99 31 16 9 15 30 61 38 77 97 20 96 24 45 46 69 92 4 86 9 93 27 91 8 9 35 12 67 26 1 31 60 8 19 43 86 57 32 31 80 12 53 18 79 73 56 59 58 43 5 83 20 79 2 40 7 7 91 8 75 89 18 94 83 21 57 24 89 54 24 81 31 51 45 71 20 63 59 20 41 58 73 95 42 70 79 40 74 82 9 65 91 72 40 57 92 95 42 60 70 18 63 33 20 64 27 61 72 25 56 50 45 61 27 94 76 8 9 88 12 2 2 10 41 3 49 47 31 2 24 64 97 70 83 7 65 57 89 22 65 40 27 96 92 6 96 89 57 47 26 27 43 79 24 66 50 50 78 94 74 73 50 55 76 26 20 51 45 30 67 2 50 6 99 7 57 48 48 35 43 59 52 69 47 23 87 89 72 84 10 19 69 14 44 90 50 56 27 46 95 72 44 41 91 82 96 32 5 24 4 13 30 10 8 46 63 65 18 44 45 28 19 30 26 100 77 84 88 15 70 66 35 41 78 52 69 98 56 22 79 1 5 58 82 33 55 57 21 84 14 66 47 34 19 85 12 8 3 67 94 90 
60 26 20 88 32 40 7 28 59 83 69 88 9 33 20 92 30 25 31 52 55 100 41 40 34 39 3 83 51 45 71 26 40 47 62 30 87 96 34 9 78 65 62 45 25 88 72 67 35 73 95 39 61 76 60 46 56 64 14 89 81 11 3 39 52 8 30 100 99 92 33 31 3 95 66 47 52 45 100 26 67 80 48 53 66 53 56 100 65 70 29 33 31 48 33 34 65 51 3 9 73 60 14 35 88 60 47 74 88 63 74 25 76 40 62 7 32 37 99 74 20 34 12 8 37 81 36 3 97 99 97 38 88 44 83 47 14 56 84 35 43 10 59 36 41 74 64 92 73 2 61 40 75 53 1 100 29 86 25 40 32 35 25 85 7 11 55 50 11 13 37 40 6 20 88 87 27 95 4 68 97 93 93 7 12 99 40 73 94 38 92 36 18 43 77 89 85 11 5 84 24 49 96 8 30 21 72 71 64 76 95 23 48 48 37 10 36 39 53 38 99 42 40 62 78 53 12 55 4 26 66 74 78 94 90 9 59 88 30 31 73 9 64 3 81 50 26 20 25 88 42 69 37 35 53 54 44 63 40 71 21 61 49 37 99 29 52 61 32 82 15 26 77 20 61 2 85 40 1 41 2 5 24 15 21 92 16 84 44 15 98 49 80 37 73 14 88 96 23 86 89 62 98 19 97 41 1 94 29 72 29 99 92 90 86 53 63 95 73 83 52 40 63 79 42 79 25 42 41 26 26 11 57 100 27 27 77 78 64 96 85 94 50 1 53 2 73 73 26 99 
64 36 59 11 17 26 68 22 96 15 26 53 74 84 23 97 87 24 48 82 69 18 41 31 52 48 67 57 72 15 20 86 97 2 90 82 96 97 86 7 48 61 64 89 36 26 71 67 86 10 27 47 5 26 100 65 95 64 93 39 88 96 72 56 74 90 74 6 7 26 33 9 86 52 44 49 67 33 1 80 72 32 33 94 24 39 61 98 47 24 13 48 25 31 84 65 77 85 67 87 32 75 75 96 58 20 48 22 16 79 51 17 28 73 12 41 98 100 7 73 46 35 79 92 41 56 25 99 30 3 32 25 64 98 76 6 9 19 49 24 28 66 85 13 44 28 1 58 64 87 96 62 28 19 25 53 94 14 12 22 32 79 30 2 48 73 77 23 70 12 72 75 5 1 30 19 30 28 2 99 63 35 21 62 26 37 9 6 10 45 8 90 83 97 76 42 100 22 83 68 55 49 41 20 70 41 76 47 97 10 92 23 5 64 11 72 35 41 55 35 72 68 52 47 33 73 74 94 10 75 93 79 32 34 95 20 46 37 58 69 17 99 44 74 10 93 73 79 9 96 98 21 69 20 93 58 46 88 4 42 8 75 74 35 49 50 33 17 35 71 58 100 43 50 9 39 86 80 53 47 84 94 47 36 91 77 84 73 36 30 99 81 33 63 18 91 64 24 99 71 46 31 50 82 43 27 59 79 60 55 51 48 54 42 39 26 64 31 88 21 96 5 91 87 81 14 44 93 57 23 51 26 12 50 59 84 41 16 31 76 96 16 72 91 79 37 92 28 63 18 
42 29 37 51 21 81 48 37 92 58 60 65 79 13 38 28 44 20 62 93 25 94 65 82 87 81 23 68 44 1 46 6 28 84 64 93 51 52 7 57 90 44 42 18 23 59 68 57 86 74 18 77 27 40 84 74 53 89 23 99 86 66 26 84 80 82 24 47 27 58 85 75 30 97 96 7 91 87 94 29 9 66 15 10 35 38 73 20 73 73 42 53 63 75 8 36 91 42 78 94 72 83 12 43 50 90 60 75 66 84 54 61 97 12 2 39 88 93 21 18 43 45 1 29 14 36 49 20 77 34 28 67 79 100 57 51 92 97 92 30 100 62 65 14 30 57 59 7 18 8 35 36 28 11 93 39 60 70 7 8 53 12 9 61 16 55 39 51 78 94 57 50 8 41 56 51 82 70 25 65 20 24 31 1 21 78 56 66 4 65 75 64 33 47 56 34 25 66 27 88 39 11 4 16 36 45 54 60 86 78 98 19 98 55 84 83 16 78 89 54 94 87 58 5 93 99 68 83 60 1 97 15 35 24 64 83 43 55 11 22 16 3 14 43 91 10 88 29 68 16 68 92 83 4 84 95 49 55 50 1 5 71 6 3 60 56 31 38 76 81 87 4 13 25 61 16 52 32 37 87 11 95 64 32 45 87 88 89 37 23 56 72 29 37 22 87 55 75 12 59 50 65 78 84 75 88 51 25 28 72 91 48 14 43 24 82 9 2 49 2 74 87 38 26 81 99 89 93 8 52 46 45 93 32 16 30 58 95 56 6 86 89 55 65 76 66 99 80 91 82 

Tempos Médios - Solução Inicial:
(284, 35.6574)
(298, 36.8123)
(144, 37.8499)
(317, 38.967)
(176, 39.3501)
(8, 39.403)
(15, 39.869)
(234, 40.0359)
(239, 40.1408)
(181, 40.4097)
(334, 40.4514)
(280, 40.4947)
(33, 41.2887)
(232, 41.452)
(253, 41.5131)
(149, 42.099)
(314, 42.2037)
(137, 42.4841)
(159, 42.5886)
(189, 42.7859)
(32, 42.9096)
(240, 42.9556)
(58, 43.0761)
(197, 43.1645)
(145, 43.567)
(48, 43.7358)
(154, 43.8188)
(206, 43.947)
(322, 44.5245)
(191, 44.5885)
(164, 44.7117)
(109, 45.3992)
(331, 45.4762)
(242, 45.5115)
(96, 46.408)
(174, 46.5461)
(292, 46.5792)
(35, 46.5909)
(140, 46.8254)
(303, 46.8737)
(98, 46.9136)
(285, 46.9315)
(41, 47.0339)
(287, 47.8442)
(59, 47.8534)
(7, 47.9041)
(226, 48.2289)
(173, 48.3481)
(302, 48.4369)
(94, 48.8628)
(53, 48.9077)
(251, 49.0107)
(147, 49.2108)
(31, 49.2345)
(141, 49.2949)
(293, 49.5135)
(223, 49.6554)
(54, 50.1167)
(13, 50.39)
(260, 50.7982)
(100, 50.9784)
(21, 51.2638)
(104, 51.2753)
(24, 51.3309)
(55, 52.6196)
(205, 53.2212)
(237, 53.3726)
(122, 53.3836)
(38, 53.4947)
(39, 53.4979)
(51, 54.0966)
(209, 54.1295)
(327, 54.2128)
(75, 54.5387)
(316, 54.5564)
(281, 55.013)
(257, 55.0435)
(166, 55.3458)
(49, 55.4454)
(69, 55.6759)
(301, 55.8783)
(138, 56.4131)
(153, 56.6718)
(67, 56.8218)
(83, 56.945)
(244, 57.1822)
(85, 57.4191)
(162, 57.524)
(218, 57.5496)
(114, 57.5666)
(270, 57.8634)
(320, 58.1493)
(168, 58.1604)
(184, 58.3509)
(294, 58.5547)
(343, 58.6075)
(192, 59.3841)
(1, 59.4664)
(309, 59.5291)
(207, 60.0357)
(273, 60.0496)
(11, 60.7376)
(175, 60.9415)
(289, 61.38)
(350, 61.3943)
(187, 61.6017)
(112, 61.6863)
(156, 61.9923)
(254, 62.1512)
(297, 62.8373)
(47, 62.9338)
(19, 62.9724)
(348, 63.0813)
(65, 63.2573)
(30, 63.3128)
(344, 63.4084)
(169, 63.6239)
(5, 63.6811)
(115, 64.0466)
(102, 64.1348)
(267, 64.1635)
(70, 64.275)
(336, 64.6202)
(20, 64.7251)
(212, 64.7277)
(131, 64.9281)
(282, 64.9371)
(236, 64.9672)
(28, 65.0247)
(310, 65.3576)
(160, 65.3915)
(25, 65.5239)
(57, 65.7874)
(296, 65.9322)
(324, 66.0041)
(143, 66.5528)
(12, 66.6541)
(76, 67.6156)
(61, 67.6412)
(307, 67.675)
(103, 68.4681)
(319, 69.2499)
(132, 69.6346)
(332, 69.7796)
(196, 70.0793)
(277, 70.1164)
(340, 70.2893)
(167, 70.3349)
(231, 70.6432)
(117, 70.6544)
(208, 70.7407)
(195, 70.8667)
(125, 71.0031)
(165, 71.022)
(345, 71.0884)
(238, 71.171)
(79, 71.5395)
(275, 71.7021)
(248, 71.7446)
(262, 72.1521)
(263, 72.403)
(66, 72.431)
(219, 73.2135)
(3, 73.4852)
(37, 73.68)
(222, 74.1529)
(99, 74.4466)
(127, 74.6846)
(312, 74.7576)
(101, 74.8563)
(200, 74.9826)
(190, 75.2852)
(256, 75.4812)
(64, 75.8824)
(269, 76.2172)
(313, 76.5042)
(82, 76.5216)
(126, 76.8449)
(63, 76.8828)
(215, 76.9187)
(347, 77.027)
(44, 77.4187)
(107, 77.43)
(36, 77.6793)
(306, 79.135)
(183, 79.2058)
(130, 79.4308)
(152, 79.5517)
(261, 79.656)
(60, 79.8583)
(224, 79.9064)
(330, 79.9613)
(221, 80.1836)
(272, 80.391)
(43, 80.3914)
(274, 80.4049)
(116, 80.4187)
(95, 80.4889)
(220, 80.6704)
(276, 80.7621)
(279, 81.0175)
(123, 81.645)
(198, 81.7627)
(34, 81.8997)
(71, 82.044)
(10, 82.1558)
(124, 82.3028)
(255, 82.8263)
(129, 82.9044)
(170, 83.2115)
(91, 83.4334)
(323, 83.4337)
(341, 83.4869)
(286, 83.5494)
(73, 83.5683)
(228, 83.6855)
(194, 83.7843)
(201, 84.1071)
(186, 84.2694)
(315, 84.4084)
(90, 84.4417)
(139, 84.5396)
(230, 84.6154)
(271, 86.5262)
(304, 86.5684)
(335, 86.6547)
(246, 87.03)
(265, 87.1724)
(142, 87.8347)
(278, 87.8978)
(93, 88.1829)
(16, 88.3221)
(325, 88.3278)
(78, 88.829)
(150, 88.8692)
(305, 89.408)
(52, 89.5439)
(135, 89.7928)
(299, 90.0325)
(291, 90.0377)
(178, 90.1544)
(182, 90.3295)
(268, 90.4517)
(157, 91.0505)
(72, 91.42)
(177, 91.6047)
(252, 91.6235)
(118, 91.6425)
(337, 91.8537)
(342, 93.1581)
(22, 93.1887)
(185, 93.4792)
(42, 93.5339)
(97, 93.5723)
(326, 93.6518)
(110, 93.6846)
(146, 93.9677)
(108, 94.3702)
(105, 94.4692)
(329, 94.5133)
(89, 94.5761)
(9, 94.9661)
(247, 95.2541)
(133, 95.4545)
(217, 95.9338)
(106, 96.1232)
(204, 96.1415)
(4, 96.5322)
(211, 96.6434)
(308, 96.6526)
(259, 96.742)
(56, 96.7498)
(81, 96.9974)
(233, 97.1118)
(290, 97.1867)
(213, 97.2247)
(250, 97.4192)
(328, 97.653)
(84, 97.8302)
(258, 97.8677)
(266, 97.9052)
(17, 98.1655)
(151, 98.246)
(235, 98.8483)
(128, 99.2993)
(333, 99.3842)
(50, 99.4284)
(188, 99.5728)
(227, 99.6525)
(161, 99.7404)
(74, 100.547)
(120, 100.568)
(264, 100.636)
(300, 100.869)
(349, 101.202)
(27, 101.283)
(295, 101.323)
(77, 101.537)
